       x [um]         y [um]         z [um]     ExRe [V/m]     EyRe [V/m]     EzRe [V/m]     ExIm [V/m]     EyIm [V/m]     EzIm [V/m]    Area [um^2]  
---------------------------------------------------------------------------------------------------------------------------------------------------------
     -74.7189            258              0        109.648        667.315       -2019.02      0.0123399      0.0754581      -0.228174        493.843
      495.547            258              0       -3.16132        395.012       -1153.19   -0.000362426      0.0445166      -0.130678        492.713
      11.9846            268              0        21.5601       -532.498       -2030.95      0.0024963     -0.0602975      -0.229456        542.837
      553.304            268              0         6.5243       -73.2474       -149.672    0.000740932    -0.00830534     -0.0169765        607.954
      244.176            258              0        138.522        1683.66        -5361.9      0.0155843       0.190408      -0.605591         457.52
      428.029            258              0         23.911        772.654        2244.92     0.00277965      0.0874179       0.254413        476.446
      340.652            268              0       -79.8137       -487.678        2427.34    -0.00898209     -0.0551398        0.27462         534.31
      228.935            268              0       -2.37258       -757.875       -2644.75   -0.000211488     -0.0857791      -0.298845        523.573
      276.272            258              0       -210.415        1669.98        5480.42     -0.0238099       0.188734       0.619428        459.254
     -6.95255            258              0       -35.6294        1055.73       -3591.61    -0.00395951       0.119394      -0.406344        478.122
      113.624            258              0       -68.5387        1543.88        -5211.5    -0.00778044       0.174689      -0.590436        473.897
     -58.3482            268              0        14.9021       -204.361        968.918     0.00168484     -0.0230848       0.109949        560.976
      81.2139            268              0        215.128       -640.284       -1805.31      0.0243629     -0.0723747       -0.20436        541.912
     -132.392            268              0       -74.4156       -150.862       -458.047    -0.00844184     -0.0170683     -0.0516784        605.301
      -146.95            258              0        21.9317        156.833       -763.003     0.00242133      0.0178129     -0.0861069        544.387
      308.615            258              0        67.7846        1366.14        5624.08     0.00765029       0.154283       0.635071        464.674
      26.3053            258              0        186.859        1302.81       -4072.41      0.0210602       0.147387      -0.460547        475.644
     -186.718            258              0        9.39585        139.803       -426.029     0.00108069      0.0158577     -0.0478766        597.673
     -172.329            268              0        9.75097       -79.7227       -253.302     0.00105402    -0.00906601     -0.0284396        647.501
      92.5535            258              0       -127.816        1077.16       -3593.05     -0.0144881       0.121921      -0.406891        474.272
      -109.98            258              0       -49.2608        516.939       -1376.03    -0.00562407       0.058398      -0.155846        513.972
     -94.6539            268              0         19.073       -234.606       -984.067     0.00215429     -0.0264598      -0.111345        578.938
      146.775            258              0       -64.0029         1571.9       -5915.23    -0.00738828       0.178081      -0.669613         473.64
     -40.5374            258              0        5.77184        921.363        2642.56    0.000703589       0.104332       0.299601        483.352
     -22.9222            268              0       -119.012       -264.454        1325.81     -0.0134151     -0.0298666       0.150104        549.843
      46.6213            268              0       -49.7566       -345.505        -1818.6    -0.00574878     -0.0390253      -0.205706        540.171
      59.4253            258              0       -2.01729        1714.01       -4515.34   -0.000202773       0.193621      -0.510739        474.586
      362.128            258              0        77.0096        1326.11        3988.21     0.00879302       0.150068       0.451172        469.561
      161.033            268              0       -75.6055       -746.384       -3306.37    -0.00854432     -0.0843691      -0.374024         539.64
      126.421            268              0       -76.0293       -762.788       -2764.83    -0.00869868     -0.0864412      -0.312902        544.245
      212.135            258              0        98.9579        1503.35       -6178.89      0.0108995        0.17027      -0.699257        460.724
      179.683            258              0       -50.0244        1614.02       -6365.86    -0.00563689       0.182388      -0.719684        467.593
      195.239            268              0        91.3466       -740.458       -3500.84      0.0100839     -0.0835928      -0.395636         532.03
      329.381            258              0        83.4125        1172.06         4356.2     0.00941489       0.132644       0.492506         469.78
      262.461            268              0        140.484       -474.762        2158.82      0.0157418     -0.0536413       0.244094        527.589
      296.202            268              0        16.5438       -761.246        3335.85       0.001861     -0.0861204       0.376546        531.486
      409.239            268              0       -33.8702        -457.54        1550.72     -0.0038141     -0.0517964       0.175363        539.214
      374.859            268              0        129.343       -528.698       -1628.59      0.0148558     -0.0596673      -0.184789        535.463
       461.49            258              0       -66.4827        665.125        1875.37     -0.0075985      0.0752471       0.212377        481.449
       394.96            258              0       -150.989        880.599        3274.34     -0.0170833       0.099617       0.370616        472.414
      515.468            268              0        26.1027       -106.873       -299.179     0.00296229     -0.0120689     -0.0339005        577.962
      443.984            268              0       -71.8002        -188.91        970.692    -0.00811975     -0.0212943       0.109953         547.87
      479.266            268              0       -24.4793       -233.721        -767.72    -0.00277725     -0.0264414     -0.0869122        558.382
      530.823            258              0        -9.6461         205.82       -550.211     -0.0010814      0.0233443     -0.0624127        516.739
      568.061            258              0       -7.24797        129.788       -275.257   -0.000820804        0.01474      -0.031138        551.053
      593.789            268              0       0.545611       -26.3543        83.9252   6.46042e-005    -0.00297931     0.00949618        662.802
      608.518            258              0       -11.4011        40.1069         144.68    -0.00128807     0.00454591      0.0163475        606.692
          642        169.814              0       -54.8689        4.17689       -176.316    -0.00621474    0.000469125     -0.0199412        592.953
          632            268              0          1.682       -2.98401        47.2596    0.000189513   -0.000342512     0.00531043            450
          642        96.0469              0       -26.0877        3.38328        40.4184    -0.00295379    0.000377538     0.00454078        554.961
          632           -268              0        5.62633       -3.95739        100.674    0.000613822   -0.000401675      0.0113599            450
          642       -252.244              0        8.07156       -1.75568        107.463    0.000924609   -0.000204703      0.0119962        709.032
          632         47.047              0        -123.56        16.2766        504.242     -0.0139896     0.00183233      0.0570504        486.817
          632       -8.10105              0       -298.444        43.7813        992.529     -0.0337495     0.00498434       0.112228        483.508
          642        25.4634              0         80.902      -0.791318       -402.687     0.00912306  -8.45945e-005     -0.0456882        544.235
          632        115.637              0        62.7883         8.8061        233.259     0.00707998    0.000990663      0.0264709        507.108
          632        188.624              0        84.8343        11.8285       -317.375     0.00957107      0.0013389     -0.0359094        560.332
          632        228.842              0        45.2721       -13.7783        -147.61     0.00513412    -0.00155137     -0.0166137        619.356
          642        252.605              0       -1.62006        2.06545       -54.7103   -0.000176313    0.000225045    -0.00615903        692.766
          642        209.445              0       -26.5166        6.29749        93.5638    -0.00299976    0.000725296      0.0105933        630.106
          632        151.265              0        122.883       -8.56979        -285.65      0.0138932   -0.000957429      -0.032328        527.853
          642        132.278              0       -46.3831        3.43208        138.925    -0.00522687     0.00038642      0.0158147        568.315
          632        81.0349              0        9.60256        14.8371       -69.2685     0.00110213     0.00166747    -0.00800576         495.03
          642        60.5447              0        27.8215       -1.62135         151.72     0.00314209   -0.000192672       0.017245        547.607
          632        13.3892              0       -252.128        49.4839        940.185     -0.0284362     0.00562576         0.1063        483.551
          642       -20.1847              0         188.19        2.48416        390.455      0.0212761    0.000274741      0.0442875         542.87
          632       -41.7516              0       -434.846        1.13349        1142.64       -0.04909    0.000121946       0.129654        487.897
          642       -55.2608              0        194.812       -4.65406        468.547      0.0220106   -0.000486245      0.0532956        547.656
          632       -111.228              0       -287.423       -16.1647        1060.06      -0.032531    -0.00176417       0.119793        522.971
          642       -128.244              0        155.254       -114.144        673.193      0.0175228     -0.0129313      0.0760432        584.744
          632       -75.9264              0       -499.191       -14.2229        1129.82      -0.056392     -0.0015582       0.127982        502.312
          642       -91.1107              0        229.554       -11.1947       -433.942      0.0259267    -0.00127022     -0.0490023        563.273
          632       -148.033              0       -604.308       -12.4423        1231.79     -0.0683066    -0.00142993       0.139499        548.509
          632       -186.709              0       -293.182        5.59258       -955.636     -0.0331591    0.000625012      -0.108134        578.852
          642       -167.051              0        149.532       -26.6286       -567.736      0.0168954    -0.00301976     -0.0643137        613.074
          642       -207.947              0        70.6075        20.6692        257.864     0.00799075     0.00234013      0.0292236        648.407
          632       -228.113              0       -117.088       -29.9328       -354.913     -0.0132697    -0.00337195     -0.0400713        635.901
         -220       -207.474              0       -34.2069        11.3201        126.333    -0.00387273     0.00129581      0.0143288        654.634
         -220       -54.9398              0       -37.1109       -5.55361        91.5382    -0.00416045   -0.000656452      0.0103062        554.978
         -220       -252.135              0       -6.11793       -1.60236        59.9774   -0.000667298   -0.000174454     0.00685479        713.908
         -210            268              0        2.39801       -10.0488        83.0971    0.000271229    -0.00112438     0.00938983            450
         -210       -147.486              0        193.215       -9.41563        529.717      0.0217456    -0.00108738      0.0596794        541.868
         -210           -268              0      -0.956482       -2.24724        61.0295   -0.000102848    -0.00022812     0.00698402            450
         -210       -7.20366              0       -106.783        7.86284        498.547     -0.0120583    0.000904564      0.0563028        490.436
         -220       -166.381              0       -43.1094        -12.869        206.809    -0.00489855    -0.00145822      0.0232966        608.823
         -210        116.852              0       -375.473       -8.21009       -1478.04     -0.0425113   -0.000951438      -0.166747        498.098
         -220        62.2097              0        182.207        8.09991       -791.335       0.020634    0.000964368     -0.0895915        548.018
         -220       -91.0105              0       -24.3622        16.0272        154.701    -0.00274419       0.001815      0.0175238        564.559
         -220        133.235              0        172.517      -0.826578       -690.875      0.0194901  -7.29526e-005     -0.0780638        559.438
         -210        188.807              0       -308.146       -4.12259       -794.478     -0.0347914   -0.000439602     -0.0898417        556.388
         -220        209.524              0        44.9437        28.8786       -257.336     0.00506444     0.00330769     -0.0290197        626.804
         -220        26.9006              0        151.864       -26.8519        622.277      0.0171727    -0.00302522      0.0704318        550.166
         -220       -19.3792              0        24.6753        3.00374       -151.649     0.00282062     0.00035278     -0.0169892        551.498
         -210        14.5947              0       -253.407       0.238471        899.846     -0.0287399   4.21179e-005       0.101737         490.49
         -210         -41.33              0        20.6388     -0.0397854        -4.2383     0.00233252   1.29445e-005   -0.000492158        493.751
         -220        252.602              0         2.9997        1.13454       -110.699    0.000335438    0.000110095     -0.0124719          692.9
         -210        228.851              0       -176.007       -38.3713        435.975     -0.0198816    -0.00433132      0.0492344        618.801
         -210       -75.8272              0        146.205        23.6683          387.1      0.0164791      0.0026613      0.0439299        503.645
         -220        170.219              0        78.4184       -21.2048       -440.897      0.0088552    -0.00239487     -0.0499139        585.568
         -210        151.892              0       -360.248        25.9165       -1215.97     -0.0407081     0.00292786        -0.1376        519.233
         -220       -127.934              0       -49.3295       -14.8416       -231.153    -0.00556435    -0.00167977      -0.026168        579.425
         -220        97.5284              0        181.694       -9.17168       -737.002      0.0206556    -0.00107189     -0.0827777        549.282
         -210        82.6428              0       -383.531        12.1758       -1520.79     -0.0433202     0.00142923      -0.171671         492.04
         -210        48.6254              0       -439.458         22.113        1287.22     -0.0497672     0.00251881       0.145663        490.726
         -210       -227.886              0        85.2357       -22.6613       -222.605     0.00957342    -0.00258071     -0.0252141        641.215
         -210       -111.067              0        164.764       -6.86531       -440.608      0.0186377   -0.000774642     -0.0499097        517.571
         -210       -186.073              0        147.015       -14.5121        375.127       0.016591    -0.00162375      0.0423278        585.738
      13.1324           -268              0        149.853       -135.473        1315.34      0.0169639     -0.0153035       0.148917        540.062
        593.6           -268              0       -14.1082       -90.8061       -297.111    -0.00163532     -0.0102637      -0.033612        666.706
      515.179           -268              0       -36.4154       -157.027       -741.812    -0.00415742     -0.0177406     -0.0839426        575.472
      608.416           -258              0        22.5246        86.6461        -397.38     0.00253524     0.00983765     -0.0449535        611.286
      567.743           -258              0         31.094        319.815       -973.957     0.00349709      0.0361003      -0.110167        552.306
     -56.5775           -268              0       -8.47314       -153.546         655.29   -0.000990456     -0.0174053      0.0740996        554.268
     -38.9375           -258              0        -21.329        682.118       -1853.75    -0.00238766       0.077412      -0.210098        476.796
      479.191           -268              0        1.02629       -211.591       -994.482    0.000164116     -0.0239462       -0.11257        553.779
      428.426           -258              0        4.04031        841.084        2248.76    0.000483529      0.0952705       0.254391        470.151
      342.179           -268              0       -220.639       -632.696        2179.43     -0.0249162     -0.0714415       0.246945        529.709
      278.001           -258              0       -8.39806        1421.82        5679.33    -0.00114039       0.160985       0.643745        466.363
      179.895           -258              0        34.6859        1826.71       -4905.01     0.00394489       0.206421      -0.554419         469.88
      375.966           -268              0        58.9458       -619.737        -2278.3     0.00666705     -0.0700412      -0.258225        528.086
      395.778           -258              0       -68.0249        1387.06       -4160.58    -0.00783379       0.156783      -0.470811        465.966
     -107.733           -258              0       -6.02763        257.999        595.122   -0.000689318      0.0291773      0.0674197        515.939
     -130.342           -268              0        13.8791       -91.9319        213.341     0.00156321     -0.0103968      0.0241249        613.686
       81.944           -268              0        144.115        -560.56        1918.15      0.0164548     -0.0632277       0.217993        537.649
      229.808           -268              0        41.5495        -351.77           2297     0.00451734     -0.0399792       0.259479        534.011
      212.688           -258              0        91.2775        1869.05        5346.05       0.010419       0.211476        0.60414        468.814
      -186.38           -258              0       -5.62435        80.6322        256.488   -0.000630187     0.00909385      0.0290218        612.906
      47.5814           -268              0       -2.12115       -543.529          -1843    -0.00018988     -0.0613557      -0.209144        536.886
     -171.421           -268              0       -17.7065       -47.5763         194.35    -0.00199093    -0.00539456      0.0219162        673.156
     -145.318           -258              0       -23.1032        116.593        472.884    -0.00262339      0.0131806      0.0533998        561.704
      263.942           -268              0       -120.637       -705.955        2895.14     -0.0134713     -0.0799515       0.327691        534.175
     -92.4822           -268              0        30.0453       -151.746         407.92      0.0033731     -0.0171529      0.0462777        574.071
     -72.6805           -258              0        -39.437        480.016        1352.99    -0.00444838      0.0542864       0.153048        487.369
      147.014           -258              0       -148.439        1560.39       -4870.71     -0.0167285       0.176789      -0.551205        470.419
     -21.5382           -268              0       -8.71121       -352.381        1208.36   -0.000932185     -0.0398337       0.136588        545.705
     -5.67281           -258              0       -130.517        762.828        2198.93     -0.0147202      0.0861657        0.24888         474.41
      27.3878           -258              0       -46.6695        1294.11        3511.69    -0.00527383       0.146232       0.397579        473.256
      60.3195           -258              0        -6.9976        1049.78       -3574.03     -0.0007357        0.11864      -0.404579        471.783
       93.203           -258              0        -135.91        1166.21       -4610.22     -0.0152954       0.131968      -0.520919        470.326
      114.109           -258              0        -129.43        1155.49       -4944.25       -0.01467       0.130635      -0.559185        470.465
      126.794           -268              0        10.2117       -650.657       -2160.05     0.00107792     -0.0735426      -0.244404        539.812
      161.229           -268              0        72.1994       -477.079       -1931.06     0.00822266     -0.0539987      -0.218224        539.358
      363.408           -258              0        85.7368        1285.99       -4592.16     0.00969639       0.145466      -0.519738         462.62
       195.59           -268              0        122.293       -308.094        2422.58      0.0137017     -0.0348831       0.273855        536.993
      331.084           -258              0        98.0232        1372.28        5143.45      0.0111544       0.154949       0.582304        462.249
      409.901           -268              0       -136.075       -294.025        -1250.2     -0.0154869     -0.0331764      -0.141461        533.056
       245.37           -258              0        219.911         1727.2        5319.35      0.0246761       0.194764       0.600089        467.854
          298           -268              0        4.69564        -713.57        2704.95    0.000449447     -0.0806806       0.305829        532.048
        310.5           -258              0        70.0678        1326.66        5589.77     0.00803056       0.150242       0.632002        464.031
       530.45           -258              0        40.9577        504.196       -1389.44     0.00464049      0.0570382      -0.157138        517.243
      444.255           -268              0        67.9844       -402.976        1153.63     0.00771768     -0.0456278       0.130171        542.688
      461.504           -258              0       -80.7517        1033.77        2752.99    -0.00905294       0.116965        0.31124        475.663
      495.274           -258              0        36.1261        795.128       -2020.49     0.00407208      0.0899134      -0.228789        490.201
      552.986           -268              0       -22.3128       -120.085         -512.4    -0.00248289     -0.0135428     -0.0578187        608.624
