       x [um]         y [um]         z [um]     ExRe [V/m]     EyRe [V/m]     EzRe [V/m]     ExIm [V/m]     EyIm [V/m]     EzIm [V/m]    Area [um^2]  
---------------------------------------------------------------------------------------------------------------------------------------------------------
     -38.3835            320              0        12.1835       -584.122       -1553.57     0.00231733      -0.110956      -0.295409        577.309
      152.562        325.903              0       -20.5679        25.6357       -1060.25     -0.0038966     0.00487016      -0.201406        155.941
      427.037        314.158              0       -68.6735       -837.229       -3821.23     -0.0130724      -0.159099      -0.726161        127.805
      12.8695        314.022              0       -122.645       -263.515        3309.97     -0.0232685     -0.0501078       0.628899        248.221
      488.237            320              0         16.471       -389.395       -1728.81     0.00312214     -0.0739963      -0.328527         578.42
      306.451        324.459              0       -15.5151        62.5963        1465.88    -0.00295617      0.0119262       0.278648        214.703
      275.314        317.373              0         12.864        237.047       -4092.73     0.00243686      0.0450651      -0.778037        137.336
      138.194        313.278              0       -10.5078        40.8281        5405.98    -0.00203855     0.00772729        1.02756        64.7664
      115.171        318.301              0        66.0198        65.6101       -3310.89      0.0124695      0.0124455      -0.629532        113.127
      37.6069        325.496              0       -28.9554        37.8913        923.861    -0.00550415     0.00717547        0.17553        256.684
     -53.0543            310              0       -65.7141        648.641       -2632.38      -0.012511       0.123259      -0.500416        495.782
       165.79        317.226              0        99.0261        17.6077       -4446.47      0.0187794     0.00337265      -0.844787        132.859
      51.5975        308.502              0       -55.8706       -1111.12       -7093.18     -0.0106141      -0.211129       -1.34797        107.829
     -88.6378            310              0        84.0976        313.863       -1134.66      0.0159897      0.0596397      -0.215597        511.298
     -75.4339            320              0       -45.4944       -196.657       -799.173    -0.00866035     -0.0373724      -0.151904        594.177
      256.955        307.978              0        116.597       -1122.25       -9472.48      0.0220949      -0.213305       -1.79967        111.951
     -18.3729            310              0        130.552        1379.45        3445.63      0.0247791       0.262084       0.654796        487.575
     -2.03947            320              0        56.5708       -389.322        1707.59      0.0107968      -0.073949       0.324563        570.596
      365.133        307.405              0        133.829       -1062.64        8034.45      0.0254845       -0.20198        1.52667        91.7577
      95.4659        309.762              0        174.268       -719.036        -6701.4      0.0331164      -0.136607        -1.2736         193.37
      76.1352        324.224              0       -32.2346        42.2088        1238.92    -0.00613658     0.00801305       0.235398        329.819
      125.845         324.45              0       -26.3496       -5.34513        1565.93    -0.00504895    -0.00105933       0.297404        95.9422
       187.44        327.294              0        -1.7427        4.85963        690.317   -0.000321382    0.000926278       0.131189        152.882
      206.543        318.022              0        21.6708        76.9874       -4060.11     0.00407197      0.0146383      -0.771685        172.297
      224.774        327.568              0        1.06874        40.9449       -630.809    0.000201372     0.00776378      -0.119852         137.56
      272.588        324.741              0       -80.8158        34.9635       -1391.55     -0.0153536     0.00664705      -0.264618         89.319
      324.695        317.469              0        6.09461        11.1868        3688.39     0.00118293     0.00215183       0.700887        117.345
       344.77        317.259              0         27.929        -36.877        3600.13     0.00526626    -0.00698952       0.684189        205.591
      315.823        318.092              0         -46.26        35.2672         3572.9    -0.00877196     0.00672337       0.679138        134.716
      398.181        311.316              0       -114.919       -963.029       -4964.31     -0.0218299       -0.18305      -0.943484        153.641
      451.767            320              0       -24.8624       -465.288       -2162.76     -0.0047193      -0.088494      -0.410864        573.438
      387.392        326.204              0       -1.47611        23.8311       -814.919   -0.000277764     0.00452694      -0.154656        97.8745
      414.493        325.112              0       -1.28917        16.3877        905.317    -0.00023944     0.00310027       0.172041        224.268
       468.17            310              0       -118.022        1191.53       -4353.23     -0.0224641       0.226477       -0.82719         489.28
      502.934            310              0        3.36974        714.715       -2384.17    0.000635648       0.135822      -0.453097        496.664
      525.366            320              0       -41.5058       -161.972         783.48    -0.00788014     -0.0307686       0.148922        595.732
      538.605            310              0       -75.7088        330.323        1153.76     -0.0143883       0.062791       0.219322        512.795
      295.874        318.244              0        55.7639        37.4439       -3628.82      0.0105794     0.00712097      -0.689404         176.89
      300.411        304.459              0       -182.244        3478.51          11571     -0.0346053       0.660967        2.19953        109.653
       329.62        307.469              0        16.9787       -1486.53        8906.79     0.00318878      -0.282504        1.69251        70.3647
      352.603        323.422              0        8.06723        18.7143        1695.09     0.00152754     0.00356504       0.322194        112.578
      264.306        304.741              0        12.5707        3915.33        14490.9     0.00238449       0.744236        2.75424        93.3229
      252.193        320.822              0        37.4272        58.5372        2833.14     0.00710078      0.0111245       0.538249        111.543
      232.527        305.153              0       -276.396        3582.17       -14236.3     -0.0525954       0.680903       -2.70558        118.737
      215.809        321.517              0        67.1788       -10.6899        2618.39      0.0128171     -0.0020705       0.497567        136.743
      176.143        321.385              0        3.31066        9.13503        2510.23    0.000619161      0.0017413       0.477205        166.007
      202.104        302.536              0         329.72        5006.57       -20502.2      0.0626921        0.95165        -3.8975        63.1541
      198.287        306.609              0       -190.855       -1507.06        11439.2     -0.0363223      -0.286425        2.17414        60.6074
       224.81        309.102              0        -103.99       -1175.52       -8625.15     -0.0195353      -0.223198       -1.63922          114.7
      163.152        307.226              0        59.1931       -964.815       -10423.4      0.0110596      -0.183324       -1.98088        71.4823
      182.462        308.164              0        261.734        -1576.5       -10114.1      0.0498132      -0.299624        -1.9223        156.326
      157.486        319.039              0        -3.9252        76.1976       -3757.58   -0.000693568      0.0145695      -0.713995        152.468
      137.278        302.925              0        408.655        3636.14       -16282.2       0.077619       0.691078       -3.09417        72.2846
      94.1616        319.762              0       -32.7895        30.4549        2593.96    -0.00622745     0.00579928        0.49299        206.571
      105.916        305.538              0        -11.651         2628.4        10938.5    -0.00214721       0.499567        2.07852        143.696
      76.2512        304.224              0       -156.161        2681.25       -12354.1      -0.029702       0.509629       -2.34747        118.215
      65.4053         317.23              0        44.8791        13.2222       -3250.21     0.00849768     0.00251963      -0.617841        242.105
      401.747        325.112              0        35.3544        46.1806       -934.179     0.00669985     0.00878868      -0.177502        56.0669
      368.542        323.983              0       -10.8895       -13.0894        1405.84    -0.00207359    -0.00249447       0.267202        189.271
      332.796        323.836              0        20.1016       -2.18266         1745.3     0.00379613   -0.000449608       0.331564        245.814
      287.297        323.784              0         18.745        -21.527        1819.94     0.00357961    -0.00408884       0.346002        112.027
      259.985        324.741              0        36.3751        58.7602        1357.73     0.00689984      0.0111671       0.257958        208.903
      139.951        325.903              0         23.854        33.8256        982.663     0.00455379     0.00643712        0.18685        76.5394
      106.376        325.538              0        12.2968        34.7608         1087.9     0.00235512      0.0066041       0.206755         177.41
       52.232        318.502              0       -34.2507        3.99296       -2785.54    -0.00652691    0.000751937      -0.529358        161.306
      86.9518        304.224              0        314.989        3794.44       -12531.4      0.0598276       0.720944       -2.38119        85.1856
      120.052        302.763              0       -89.4835        4471.82        15230.8     -0.0170235       0.849932        2.89483        61.0628
       154.08        303.136              0        339.466        4575.38       -16005.9      0.0645015       0.869636       -3.04165        73.0399
      189.246        304.073              0       -5.99197        3187.74       -15146.5    -0.00115789       0.605848       -2.87871        85.5048
      216.562        303.949              0        67.6554        3555.68        15587.4      0.0128691       0.675631        2.96272        92.0786
      247.995        303.237              0        31.2863        4405.63        16619.8      0.0059578       0.837191         3.1584        82.0686
      278.921        302.631              0        -182.92        3766.97       -18843.5     -0.0348174       0.715995       -3.58109        75.7784
      311.162        304.459              0        267.788        3585.19        13284.8      0.0508587       0.681376        2.52462        106.074
      340.271        303.836              0        34.7969        3361.61       -13707.3     0.00658431       0.638916       -2.60612        111.989
       360.86        317.405              0       -8.47544         19.112        3255.71    -0.00159872     0.00358744       0.618651        150.548
      397.063        321.316              0        7.47368        52.4091       -1944.89       0.001428     0.00995893      -0.369443        114.276
      436.741            310              0        1.35341        1759.36       -4995.43      0.0002449       0.334365      -0.949461        351.598
      421.778        304.158              0       -166.955        1467.41       -7358.78     -0.0317325       0.278883       -1.39858        55.6638
      420.515         319.27              0       -22.8756        20.4715         2274.7    -0.00436191     0.00386954       0.432182        139.681
      407.803        305.112              0       -131.609        2786.82       -9989.95     -0.0249961       0.529616       -1.89866        146.514
      415.257         309.27              0       -15.7984       -802.924       -5799.93    -0.00300736      -0.152589       -1.10202        91.2967
      390.985        306.204              0        14.8597        1510.99        7182.96     0.00281719       0.287182        1.36549        122.099
      379.126        320.187              0       -15.3631        19.5507       -2448.79     -0.0028834     0.00369617      -0.465086        140.665
      375.289        303.983              0        33.4793        1881.97        9669.46     0.00637138       0.357791        1.83761        93.0396
      381.601        310.187              0        18.7406       -955.553       -5410.38     0.00351249      -0.181612        -1.0277        159.977
      359.426        303.422              0        -121.91        3545.58       -15644.9     -0.0231479       0.673883       -2.97332        85.1119
       347.32        307.259              0        -258.07       -1344.74       -10328.8     -0.0490586      -0.255551        -1.9638        111.029
      325.481        303.633              0       -81.3011        3085.37       -14290.4     -0.0154826       0.586352       -2.71655        69.1865
      316.516        308.092              0       -147.016       -1427.54       -8374.51     -0.0279876       -0.27134       -1.59186        78.7286
      284.802        306.416              0        316.584        -734.24          10221      0.0602033       -0.13957         1.9428        55.2822
      294.427        308.244              0       -111.668       -1139.49       -8356.29     -0.0213762      -0.216536       -1.58784        112.917
      234.042        322.721              0       -18.9097        51.8779       -2271.35    -0.00361038     0.00984396       -0.43167        96.9109
      225.078         316.67              0       -30.1372        52.2718       -4355.58    -0.00574074     0.00986206      -0.827353        76.7064
      170.064        304.091              0       -374.672           4106       -15432.1     -0.0712355       0.780085       -2.93358        110.737
      149.672        309.039              0        23.0223       -1345.82        8510.88     0.00434676      -0.255841        1.61772        102.844
        197.2        321.367              0       -22.9461        36.1212       -2681.15    -0.00439459     0.00683651      -0.509426        118.957
      185.903        315.458              0       -58.7225        46.3771       -4344.12     -0.0111441     0.00875247      -0.825552        122.992
      131.934        307.375              0       -80.1614       -1344.02       -9528.45     -0.0152224      -0.255471       -1.81044        70.8951
       125.11        307.212              0        141.725       -618.665        9256.91      0.0269377      -0.117539        1.75943        65.6363
      27.1703        319.518              0        19.9396        9.71764        2091.94     0.00378726     0.00183064        0.39753        191.624
      42.2193        305.496              0        35.9645        2288.72        -8523.3     0.00683166       0.434983       -1.61989        167.796
      58.7539        303.006              0        205.791        2745.96       -11689.4      0.0390873       0.521828       -2.22136        53.1223
      68.6986         307.23              0        301.329       -717.094        8175.64      0.0573138      -0.136276        1.55348        106.729
      18.1165        304.022              0        220.489        1760.83       -7008.66      0.0419102       0.334642       -1.33208        194.476
      32.4173        309.518              0        51.2177       -643.937       -4721.48     0.00973759      -0.122354      -0.897384        138.994
      135.251        320.353              0      0.0677071        42.7163        2883.55  -3.20752e-005     0.00812561       0.548077        149.104
      143.538        308.829              0        186.427        -1195.6         9039.9      0.0354127      -0.227258        1.71852        59.3735
      121.963        317.212              0       -72.7695        113.418        3758.02     -0.0138557       0.021616       0.714151        108.264
      113.407        308.301              0       -438.092       -1102.52         9085.9     -0.0832995      -0.209478        1.72672        64.5325
      210.222        306.485              0       -51.3265       -1906.43        10913.3    -0.00978776      -0.362297        2.07443         50.074
      206.406        310.558              0       -32.4508       -35.5439       -6695.04    -0.00615657      -0.006739       -1.27271        42.7862
      253.603        314.058              0        13.5861      -0.157864        5242.56     0.00257499  -4.68576e-005       0.996129        83.1799
      240.305         308.39              0       -32.4726       -1753.77       -10755.9    -0.00619947      -0.333341        -2.0442        91.5581
      282.243        316.416              0       -1.97258        116.588         4367.5   -0.000365738      0.0220782       0.830227        96.9494
      271.472        307.373              0       -203.091       -1243.11        10171.3      -0.038644      -0.236271        1.93288        72.0049
      242.589         314.47              0       -2.14829       0.899752        5086.41   -0.000376208    0.000220948       0.966639         57.067
      241.178        321.233              0       -13.7181        22.5407       -2735.48    -0.00259835     0.00428437      -0.520037        80.8385
      551.688        94.1732              0        6805.28        523.981        24837.8        1.29342      0.0995942        4.72202        17.3024
      558.981        19.8414              0       -425.139       -21.9639        4202.72     -0.0807786    -0.00418593       0.798802        172.559
      552.497        107.997              0        4546.11       -147.795       -23193.9       0.863965     -0.0282407       -4.40746        35.6841
          560            320              0       -11.0898       -17.7758       -345.499    -0.00209342    -0.00337307     -0.0656837            450
      554.537         64.487              0       -723.127         236.85       -18021.7      -0.137435      0.0449459       -3.42508        47.5962
          560           -320              0       -9.73208        5.69862       -335.279    -0.00184199     0.00108244     -0.0636568            450
          570       -306.783              0       -3.69773        34.3588        334.026   -0.000726335     0.00652615      0.0636331        594.782
      551.274         56.629              0        5789.36        181.895        25042.5        1.10015      0.0345348        4.75874        30.7389
      565.789        101.306              0        82.5964        46.3302       -6121.44      0.0155235     0.00880239       -1.16315        172.207
      566.554        82.3785              0        283.643       -15.7764        5453.67      0.0536398    -0.00296537        1.03617        205.072
      556.706        132.367              0       -127.933       -71.0708       -11578.8     -0.0244402     -0.0136427       -2.20072        44.7372
      573.585        181.577              0        93.4435        35.2992       -1868.39      0.0177792     0.00668271      -0.355159        243.935
      568.099        198.831              0       -44.6936        2.51573        2510.63    -0.00849378    0.000507455       0.476806          98.31
          570        238.301              0       -292.087       -87.1387        1385.73     -0.0554993     -0.0165298       0.263387        465.212
          560        252.455              0        917.105       -72.4206        2499.58       0.174301     -0.0137674       0.475057        442.785
          560        285.316              0        273.295       -82.2291         1237.1      0.0519505     -0.0156304       0.235194        508.334
          570        306.612              0        -7.9089        15.0983       -412.416    -0.00149681     0.00286963      -0.078403        602.446
          570        270.203              0       -189.503        45.2766        848.464     -0.0360137     0.00859549       0.161254        527.622
      563.785        226.086              0       -312.837         62.083       -3335.52     -0.0594577      0.0117882      -0.633636        205.115
      574.767        208.327              0        16.3344        18.6467        1017.18     0.00311768     0.00351487       0.193154        215.975
      567.949        171.597              0       -179.544       0.167015       -3751.21     -0.0341626   4.37805e-005      -0.712845        103.599
      551.164        138.343              0        4764.04         20.573       -22575.1       0.906811     0.00397555        -4.2933        30.9376
      566.222        110.245              0        114.973       -43.3587        5622.32      0.0218174    -0.00828132        1.06852        132.019
      567.603        61.7699              0      -0.685506          8.153       -4040.45    -0.00010204     0.00153637      -0.767889        195.898
      567.909        42.1049              0        9.93304       -59.4417       -3457.69     0.00186829     -0.0113251      -0.656894        158.633
      568.048        163.491              0        112.637       -151.917       -4033.05      0.0211927     -0.0287895      -0.766552        102.665
       574.34         51.843              0       -5.85894       0.149565        -1675.3    -0.00104527  -6.07315e-006      -0.318606        175.658
      551.605        122.967              0        6461.96        495.474          26626        1.22838      0.0941081         5.0625        40.7109
      575.411        10.4005              0        7.21536      -0.991821       -330.725      0.0013576   -0.000195522     -0.0628676        146.564
      568.981        21.6197              0           22.8         54.833        1783.67     0.00434171      0.0104059       0.339033        188.629
      574.232       -31.5188              0       -73.8865       -45.5864       -1148.26     -0.0140393    -0.00868347      -0.218238        182.785
      555.411        8.49586              0        628.334        83.9336        2648.76       0.119405      0.0159606        0.50333        132.583
      560.864      -0.571731              0        64.0338       -10.1482       -113.007      0.0121544    -0.00192471     -0.0213344        177.691
      552.135       -116.885              0       -5390.74        531.608        24879.2       -1.02437       0.101016        4.72787        21.4615
      559.154       -148.894              0        1251.43       -95.9001       -8771.12       0.237895     -0.0182411       -1.66717        139.845
      573.647        -93.315              0       -10.0482        42.2149       -2103.82    -0.00193229     0.00802548      -0.399935        199.103
      552.301       -59.4509              0       -4802.59        152.243       -20344.7      -0.912651       0.028901       -3.86662         56.047
       552.83       -83.2117              0        2852.07        25.3862        23529.5       0.542102     0.00484374        4.47212        16.0278
      568.053       -64.5922              0       -12.4895        25.0819       -4526.15     -0.0024026     0.00480015      -0.860097        189.854
      567.147       -83.4199              0       -94.0503         66.063       -4918.84     -0.0178997      0.0125563      -0.934824        137.179
        573.5       -74.6619              0       -4.02714        10.8394       -2467.44   -0.000773849     0.00206712      -0.468827        202.771
      569.902        -128.13              0       -79.9526        70.2946        3533.98     -0.0152407      0.0134003        0.67162        139.292
      557.001       -132.569              0         1392.5        401.152       -12468.7       0.264809      0.0763372       -2.36931        57.5186
      554.979        -108.95              0        2473.93        -147.88        18875.1        0.47018     -0.0280246        3.58691        34.0699
      574.061       -137.979              0       -79.0847        34.5199       -1754.81      -0.015048     0.00655227       -0.33364        198.425
      554.272       -99.4843              0        1804.37        299.849       -18966.9       0.342802      0.0569106       -3.60387        29.9772
      568.685       -109.954              0       -141.125        3.47797        4839.83     -0.0267009    0.000651689       0.919068         150.72
      575.094       -159.983              0       -31.6587       -6.55425       -1475.85    -0.00603807    -0.00125887      -0.280536        173.467
      565.901       -175.061              0       -58.5187        8.70229        4010.36     -0.0111009     0.00167758       0.762505        107.501
      566.559        -182.93              0       -18.1307       -14.7325       -3243.19    -0.00348743    -0.00280368      -0.616143         159.84
      563.853       -201.258              0        473.747        15.3627       -3568.81      0.0900157     0.00294426      -0.677988        169.521
          570       -211.337              0        510.786        40.1266        1864.01      0.0970449     0.00763941       0.354269        410.003
          560       -224.596              0       -938.785       -61.6621        3995.02      -0.178368      -0.011716       0.758939        391.723
          560       -253.241              0       -888.626       -87.9893       -2586.58      -0.168897     -0.0167233      -0.491484        437.468
          570       -239.372              0        471.387       -72.9779        1260.93      0.0895149     -0.0138452       0.239694        459.827
       553.57        27.0601              0        2284.08        2.19814       -9590.49       0.434113    0.000495896       -1.82274        87.0672
          570       -270.874              0        176.898       -19.9048        806.585      0.0336056    -0.00379997       0.153276        520.305
      573.291        93.1444              0       -36.6985        2.63584       -2594.77    -0.00698314     0.00043415      -0.492952        208.739
          560       -285.654              0       -291.351       -57.4772         1206.5     -0.0553654     -0.0109396         0.2294        500.799
      558.048        162.114              0       -1183.36       -17.7227       -9368.54      -0.225093    -0.00334498       -1.78033        83.5873
      573.684        157.199              0        15.1485       -2.48483        1930.16      0.0029431   -0.000489972        0.36713        222.302
      554.272        112.511              0       -1789.06        128.069         -17141       -0.34005      0.0243258        -3.2579        28.5659
       551.94        40.2281              0        3815.09        490.539       -14273.7       0.725209      0.0931448       -2.71281        47.0671
      573.725        116.027              0       -3.04287         10.404        -2337.4   -0.000590837     0.00196742       -0.44427        198.487
       556.28        46.5308              0       -1038.36        265.243       -10163.7      -0.197426      0.0503639       -1.93193        57.8292
      553.263        72.0944              0        5233.86       -8.55255       -24776.9       0.994472    -0.00162996       -4.70855        78.4188
      554.904        78.4526              0       -2029.11        392.401       -17464.2      -0.385561      0.0745616       -3.31933        35.9416
      573.263        72.5674              0        89.3779       -108.107        2224.01      0.0169746     -0.0205332        0.42267        208.635
      554.848         146.25              0       -834.238        45.3315       -13844.2       -0.15841     0.00868861       -2.63243        64.2976
      567.621        144.633              0        40.8979        23.9328       -4220.89      0.0077964     0.00451834      -0.802404        191.034
      573.937        135.178              0        5.67466        29.8193        2055.23     0.00110622     0.00564804        0.39079        201.767
      567.662        125.707              0       -45.8674       -75.6959        4377.35    -0.00872885     -0.0143498       0.832093        131.497
      554.185        102.535              0       -2345.27       -493.006       -18394.6      -0.445717     -0.0937964       -3.49538        36.9542
       573.57        32.1604              0        66.9556       -22.0125        1353.83      0.0127437    -0.00419819       0.257313        201.507
      555.454       -9.69075              0       -606.424        127.774        2188.76      -0.115215      0.0243279       0.415987          134.3
      570.864      -0.445343              0       -9.37977        14.7936        54.1254    -0.00179584      0.0028059      0.0103078        149.437
      575.454       -11.1363              0       -12.6021       -1.50546       -318.616    -0.00240543   -0.000295583     -0.0604674        146.707
      554.232        -26.804              0       -2241.09       -7.14441       -9382.79      -0.425942    -0.00136028       -1.78299        104.174
       553.04       -43.2656              0       -3255.76        76.7345        14705.7      -0.618835      0.0145402        2.79457        74.4132
      559.685       -19.4832              0        639.128        34.9015        3479.88       0.121485     0.00667497        0.66135        141.247
      569.685       -21.0552              0       -25.3908        12.2762       -1507.75    -0.00482665      0.0023166      -0.286491         145.05
      551.626        -85.924              0       -5418.44       -362.571       -27773.7        -1.0298     -0.0689229       -5.27806         13.763
      557.272       -36.6755              0        1369.96        6.24976       -8411.07       0.260406     0.00116985       -1.59836        99.5438
      567.272       -39.8184              0       -30.0962      -0.336061        3468.18    -0.00571729  -6.06496e-005       0.659171        167.126
      557.594        -50.229              0        1591.28       -94.6444        10818.4       0.302399     -0.0180759        2.05613        42.1294
      567.594       -47.9324              0       -24.5224        74.4449        4018.92    -0.00472715      0.0141154        0.76404        88.8245
      574.554       -53.6325              0        -35.744       -0.77362       -1816.27    -0.00681855   -0.000126056      -0.345201        170.534
      555.094       -158.671              0        -1834.9         -127.7        11851.9      -0.348787     -0.0241923        2.25261        140.273
        553.5       -72.4945              0       -4947.48        22.7332        24893.7      -0.940066     0.00440915         4.7299        51.3813
      555.801       -68.1141              0        2659.22        127.415        16403.7       0.505522      0.0243949        3.11661         51.266
      575.841       -117.098              0        -49.967       -5.49429       -1604.28     -0.0094726    -0.00102926      -0.304822        131.985
      552.844       -103.845              0        -5623.6       -35.4924       -24786.3       -1.06898    -0.00674791       -4.71094        40.0682
      566.491       -100.188              0       -58.9327       -16.2587        5786.11     -0.0113453    -0.00304153        1.09902        162.854
      554.061       -139.979              0       -3829.41       -215.746       -16990.5      -0.728003     -0.0410142       -3.22955        106.898
      569.154       -148.681              0       -82.8974        -62.232       -3331.63     -0.0157216     -0.0117982      -0.633345         163.66
      568.288       -167.421              0         28.508        7.13805        3335.87     0.00556034     0.00129377       0.634273        130.978
      553.684        151.393              0        3250.72       -202.761        15897.5       0.618082     -0.0386571        3.02305         31.448
      551.688        98.7522              0        4704.49       -205.161       -24292.9       0.894462     -0.0390014       -4.61739        17.4724
      551.641        84.4047              0        5877.16       -627.751        28334.8         1.1171      -0.119353        5.38503        22.9458
      551.204       -79.2297              0       -5664.24        141.784       -27631.8       -1.07657      0.0269455        -5.2514        11.6256
      551.428         -93.72              0       -5673.85        258.333        28475.5       -1.07806      0.0490517        5.40988        22.8178
      552.135       -112.259              0       -4660.71        79.6499        25479.6      -0.885922      0.0151065        4.84224        22.9866
       552.94       -126.987              0       -5743.75       -78.7717        24038.9       -1.09164     -0.0150086        4.56869        44.8359
      573.853       -188.287              0       -21.7567        10.4876         1413.8    -0.00415681     0.00200004       0.268598        232.853
      553.853       -198.189              0       -1227.65       -162.664       -6872.31      -0.233169      -0.030903       -1.30578        132.175
      552.706       -179.304              0       -3029.04       -72.9633       -11434.4      -0.575486     -0.0137723       -2.17348        83.6956
      556.559       -188.278              0         714.52        71.9522        -6608.5       0.135742      0.0136419       -1.25577         65.246
      555.901       -173.537              0        951.392       -325.305        10073.9       0.180817     -0.0618763        1.91472         52.464
      558.288       -165.896              0        1033.26       -319.823        8140.38       0.196447     -0.0608342        1.54708        69.2525
      566.918        189.703              0       -44.8423       -4.25211        3151.55    -0.00851321   -0.000794606       0.598784        173.839
      553.585        177.335              0        2558.86        36.9896         -11908       0.486212      0.0069593       -2.26257        112.345
      557.949         170.22              0       -1336.15       -55.3207       -8712.12      -0.253958     -0.0105012       -1.65516        75.5408
      553.684        157.778              0        3414.46       -73.7401        15033.6       0.649075     -0.0140069        2.85761        74.4007
      556.918        186.838              0       -599.231       -168.829        6552.58      -0.113851     -0.0320824        1.24503        89.5887
      553.332        197.742              0        2211.72       -121.388        7917.94       0.420277     -0.0230588        1.50434        114.897
      558.099        203.628              0        -372.66        113.303        4890.82     -0.0708196      0.0214847       0.929078        83.2464
      568.552        215.622              0        12.1328       -30.8117       -2085.79     0.00231212    -0.00586072      -0.396039        127.786
      553.785        221.712              0        1467.51       -181.512       -6323.13       0.278866     -0.0344751       -1.20134        148.006
      558.552        211.248              0       -512.408       -126.694       -4601.86     -0.0973727     -0.0240632      -0.874298        83.8177
      552.769        131.264              0       -381.094        211.065        18329.4     -0.0726196       0.039992        3.48752        25.3585
      558.785        141.446              0       -145.207       -98.8086       -9393.67     -0.0277349     -0.0189206       -1.78559        83.1337
      559.267        126.082              0       -24.6427        42.1154       -9055.33      -0.004683     0.00798755       -1.72085         47.428
       553.38        118.669              0       -949.749       -471.117        18690.7       -0.18052     -0.0894558        3.55275        25.9838
      557.105        120.681              0        6.30037       -16.0168       -11731.8     0.00120245    -0.00301086        -2.2296        27.9434
      557.997        114.524              0        66.4997       -116.515        10904.9      0.0126081     -0.0221101        2.07285        28.7994
      554.979        92.7234              0       -2985.47       -248.296          19601       -0.56738     -0.0471028         3.7275        27.6558
      557.476        98.7843              0        63.5712        17.9136       -12024.9      0.0118951     0.00339222        -2.2847        32.5318
      554.932        88.3411              0       -3063.34       -142.529        19400.8      -0.582108     -0.0271497        3.68792        37.0764
      558.195        82.3889              0        103.307        76.7569        10953.2        0.01956      0.0145287        2.08115        49.9953
      558.877        60.0372              0        9.63541        48.0196        9358.81     0.00190188     0.00907744        1.77868        85.2496
      555.614        52.1792              0       -421.527       -392.502        14166.8     -0.0802471     -0.0746481        2.69234        55.2114
       555.51        35.3175              0       -1186.22        216.109       -10895.8      -0.225471      0.0411531       -2.07062        41.3845
       559.85        41.6202              0        61.5388        62.7392       -7083.56      0.0116793      0.0118927       -1.34601        50.8623
      556.855       -55.5622              0        1588.74       -147.608        13065.7        0.30198     -0.0280424        2.48292        72.2225
      560.354       -64.2255              0       -138.379        8.54171        9104.97     -0.0263082     0.00162673        1.73022        59.2267
      558.773       -84.4833              0       -215.264        -41.091        11281.8     -0.0408959     -0.0078595        2.14409        42.7547
      553.054       -90.1248              0        2446.77       -341.258       -23167.9       0.464964     -0.0648897        -4.4031        17.2638
       556.33       -81.0537              0        17.9414        1.26192        15820.3     0.00338743    0.000260768        3.00695        30.0788
      554.704       -77.0717              0         2418.5       -116.433        19901.6       0.459687     -0.0222127        3.78165        20.7713
      556.701       -90.8421              0       -179.087        98.2623        14579.9     -0.0341013      0.0186199        2.77118        22.1885
       557.92       -96.6515              0       -195.735        151.601        11811.5     -0.0374282      0.0288167        2.24479        44.6034
      555.075       -120.947              0        1492.16        118.043        16923.4       0.283553      0.0224107         3.2154        52.6551
      560.821       -112.752              0        149.488       -43.9961        9879.83      0.0284244    -0.00831872        1.87648        54.0363
      560.916       -120.123              0       -202.008        97.5536        9781.49     -0.0383365       0.018496        1.85811        68.0963
      562.842       -128.356              0       -254.361       -8.76781        6837.88     -0.0482251      -0.001688        1.29931        62.3647
         -120       -271.331              0       -142.373       -30.5676       -803.711     -0.0270451    -0.00580638      -0.152779        514.587
         -110       -285.725              0        384.016       -67.2755       -1252.91        0.07298     -0.0127713       -0.23807        509.226
     -113.731       -200.476              0       -630.558       -113.488       -3623.64      -0.119836     -0.0215923       -0.68848        208.708
         -110            320              0        22.3553        4.77176        285.298     0.00424979    0.000902693      0.0541881            450
     -102.675       -121.857              0        6285.04       -55.4081        22328.4         1.1943     -0.0106343        4.24337        68.2107
         -110           -320              0       -13.7877       -21.8782        290.318     -0.0026206    -0.00414825      0.0551786            450
     -101.498       -87.8533              0        8068.86       -190.448       -29881.2        1.53342     -0.0362055       -5.67773        36.8542
         -110       -224.222              0        1051.82       -129.582        3896.03       0.199896     -0.0246237       0.740527        397.033
      -122.88        140.106              0        36.0504       -37.3504        2343.36     0.00685143    -0.00712911       0.445192        226.307
     -103.952       -21.0704              0        1979.65        203.122       -7401.59       0.376272      0.0386212       -1.40655        94.0424
         -120       -239.863              0       -424.273        12.5357       -1290.44     -0.0806337     0.00239695      -0.245197        456.179
     -120.111       -49.1261              0        13.2479       0.998871       -2699.79     0.00250882    0.000181613      -0.513107        122.273
     -117.544       -174.966              0       -23.0202        69.8808        3331.99    -0.00436834      0.0132934        0.63341        77.7432
     -102.211        150.548              0       -3141.62        106.226        16859.6      -0.597184      0.0202526        3.20496        19.4676
     -124.917        163.134              0       -78.8857       -15.7183       -1298.18     -0.0149964    -0.00296549      -0.246761        171.701
     -118.533        30.8503              0       -39.1004        10.4796       -2584.78    -0.00742544     0.00198632       -0.49114        161.811
     -104.102        40.3371              0       -3179.43        303.621       -14767.8      -0.604309       0.057828       -2.80627        97.9228
     -109.313        62.3163              0        36.6626       -11.1209        9626.78     0.00689664    -0.00214964        1.82993        60.7008
     -101.879        56.5383              0       -6182.67        349.682       -24970.1       -1.17502      0.0664722       -4.74561        44.9084
     -123.557        101.607              0       -27.6476        16.3988       -2273.29    -0.00523424       0.003114      -0.432032        195.946
     -124.102         40.209              0       -62.3831       -48.1048         1434.5     -0.0118683    -0.00912668       0.272624        175.962
     -103.764        112.029              0        1839.64        433.297       -19078.4       0.349489      0.0823313       -3.62607        29.0183
     -118.139        111.696              0       -202.077        13.5672       -4587.34     -0.0384161     0.00256767      -0.871965        143.573
      -102.88        135.029              0        -4887.1       -357.104       -22071.3       -0.92872     -0.0678549       -4.19436        34.4882
     -125.484        0.21444              0       -6.67444       -22.7381        36.9553    -0.00127395    -0.00433546     0.00696636        134.388
         -120       -307.041              0       -34.7417        16.2915       -338.852    -0.00661142     0.00309391     -0.0643515        583.149
     -114.058        201.327              0        565.772        6.62399        3789.47       0.107516     0.00125639       0.720327        157.395
         -120        211.717              0        529.842       -88.2985       -2128.63       0.100691     -0.0167649      -0.404539        405.153
     -104.799        131.896              0        1919.21        51.0373        14666.4        0.36473     0.00962775        2.78723        28.2953
     -108.533        31.5766              0        1095.66         36.013       -6741.41       0.208172     0.00679425       -1.28131        120.415
         -110        252.928              0       -1106.39       -57.4948       -2614.77      -0.210225     -0.0109479      -0.496676        445.922
         -120        271.208              0        204.649       -66.9204       -964.294      0.0389015      -0.012729      -0.183145        515.325
     -105.981        48.7632              0        792.902       -256.213       -14105.7       0.150747     -0.0486369       -2.68026        78.4527
     -105.091        145.359              0        1438.48        219.385        12999.8       0.273416      0.0417687         2.4706        50.1308
      -125.17        -58.731              0        98.1151        -25.624       -1399.94      0.0186466    -0.00488619      -0.266129        145.949
         -120         307.01              0        27.0709        17.7138       -315.954     0.00514766      0.0033755     -0.0599637        584.537
         -110         285.65              0       -288.277       -105.337       -1290.01     -0.0547887     -0.0200105      -0.245026        511.232
     -124.587       -184.475              0        51.2399        58.8846        1192.59     0.00972573      0.0112013       0.226718        200.124
         -120        239.679              0        475.655        41.9941       -1804.66      0.0904103     0.00795924      -0.342789        457.584
         -110         224.06              0       -1513.13       -101.197       -4484.29      -0.287581     -0.0192228      -0.852144        395.558
     -105.405       -63.0813              0       -2297.49       -37.6203       -17794.7       -0.43663    -0.00716047       -3.38165        47.9585
     -124.058        189.561              0        22.2273        6.58565       -1255.23     0.00422382     0.00125508      -0.238603        219.627
     -105.484        5.54342              0       -858.412        187.858        1425.28      -0.163065       0.035697       0.270623        131.719
     -109.916        12.7444              0        580.479       -68.9712       -2423.06       0.110294     -0.0130864      -0.460819        152.748
     -119.916        10.7181              0       -29.4298        41.5675       -850.869    -0.00560781     0.00788163      -0.161885        162.425
     -124.189       -99.3823              0       -13.8796         20.854       -2093.47    -0.00268128     0.00397036       -0.39783        177.961
     -102.416        119.688              0       -5057.43        208.052       -23382.5      -0.961352      0.0394585       -4.44381        61.0282
     -101.348        105.402              0       -6246.35        174.213        26775.7       -1.18714      0.0331264        5.08766         33.421
         -110       -253.078              0        690.887       -28.8366        2782.57        0.13132    -0.00550049       0.528691        445.299
     -106.813       -46.7972              0       -1857.65        420.396        12449.7      -0.353058      0.0798673        2.36592        53.9813
     -101.702       -137.538              0        4926.22       -320.542        23548.9       0.936073     -0.0608774        4.47604        45.1762
     -124.431        20.6645              0       -44.9867        12.5609       -724.262    -0.00853971      0.0024408      -0.137648        165.878
      -118.59        -65.169              0        -16.994       -105.481        4175.28    -0.00318509     -0.0200096       0.793387        115.462
     -124.847       -80.9534              0         25.469       -25.9307       -1846.23      0.0048244    -0.00493049      -0.350912        156.701
      -103.42        -70.543              0        6015.43        326.304       -23121.6        1.14308        0.06197       -4.39387        82.7265
     -124.445        78.5258              0       -12.0063       -3.73987       -2131.06    -0.00229914   -0.000625595      -0.405117         167.56
     -117.398       -154.433              0        42.5606        30.7497       -4107.92     0.00805649     0.00587194      -0.780681        90.7137
         -120       -211.916              0       -604.833       -83.6384       -2019.54      -0.114919     -0.0159348      -0.383826         404.38
     -124.357        -118.57              0        68.2382        8.19574        2126.74      0.0129019      0.0015029       0.403862        174.991
     -102.049        71.0986              0       -8027.54       -586.997        26578.4       -1.52542      -0.111465         5.0506        49.3851
     -123.952       -18.3504              0        -8.3843       -15.3104       -676.814    -0.00158696    -0.00291768      -0.128558        180.021
     -102.697       -156.643              0        4151.56        412.862        18034.7       0.789152      0.0785139         3.4278        52.9939
     -117.658       -168.516              0         99.222        -50.934        3611.19      0.0188071    -0.00972873       0.686251        127.325
     -106.127       -145.128              0       -1110.63       -190.319        13430.9      -0.211013     -0.0361475        2.55285        63.1358
     -108.266       -77.2419              0       -2365.58        -164.41        12607.9      -0.449563     -0.0312542        2.39558        98.8981
     -118.266       -73.9186              0       -81.5671        65.8051         4406.4     -0.0155394      0.0124967       0.837234        144.026
     -117.462        129.534              0        35.8305        65.6675       -4598.53     0.00678088      0.0124787      -0.874193        166.832
     -116.105        -130.39              0        33.2216        113.304         5346.4     0.00650103      0.0215043        1.01616        138.438
     -104.431        23.4171              0        -1934.5        133.542       -6469.74      -0.367544      0.0254101       -1.22956        106.068
     -104.377       -129.601              0       -1178.83         301.67        16446.2      -0.224063      0.0572445        3.12609         40.634
     -125.385        60.0453              0       -67.4002        2.17452        1380.12     -0.0127919    0.000428169        0.26237        138.501
     -118.655        84.9834              0       -36.9461        4.46188        -4488.2    -0.00698426     0.00089214      -0.852858        118.644
     -105.512        97.1497              0        1486.51       -54.0208       -15008.5       0.282539     -0.0101873       -2.85145        55.2839
     -119.487        50.3135              0        -35.665       -47.8114        3057.31    -0.00672986    -0.00910967       0.581043        155.845
      -123.43       -139.962              0       -66.0827      -0.870237       -2220.77     -0.0125852   -0.000173114      -0.421999        209.355
      -119.83        68.6284              0       -5.20103        35.0353        3679.42   -0.000996116      0.0066868       0.699211        119.596
     -124.582        120.463              0       -56.1528          3.992        1691.32     -0.0106573    0.000770584       0.321418        166.753
     -101.955        85.7138              0       -4676.68        -229.67       -21470.7      -0.889187     -0.0436923       -4.08005        18.8295
     -118.893       -28.7001              0        46.6169        14.0859        2355.33     0.00884439      0.0027004       0.447459        205.569
     -108.893        -29.397              0       -985.578       -349.111        6237.82      -0.187327     -0.0663023        1.18536        171.001
     -124.941       -39.8888              0        35.1049         53.879        1159.15      0.0066834      0.0102136       0.220187        150.823
     -104.941       -39.9385              0        3536.64        73.0241        12904.5        0.67208      0.0138911        2.45196        117.405
     -119.036       -90.4658              0        3.41704        14.3864       -4238.99    0.000647591     0.00271624      -0.805582        119.084
     -101.384       -104.276              0        9506.14       -16.8412        26659.5        1.80639    -0.00322542        5.06659        34.5365
     -105.573       -99.4508              0       -1112.06       -499.162        18175.6      -0.211361     -0.0949845        3.45445        48.4036
     -109.436       -5.14683              0        36.8274        47.2956       -976.515     0.00698757     0.00896759      -0.185672        131.825
     -103.952       -10.4564              0        619.062        183.854        3391.58       0.117621      0.0349028       0.644219        94.7108
     -119.436       -8.44953              0        25.0746       -1.55037       -748.501     0.00477324   -0.000305972      -0.142166        131.111
     -101.873       -54.3498              0        4932.92       -256.297       -21398.1       0.937435     -0.0487264       -4.06626        44.7489
     -105.741       -110.487              0       -1000.38        750.785        16979.5      -0.190143       0.142774        3.22716        57.8753
     -118.547       -107.627              0       -80.7656       -21.6996        4422.47     -0.0152786    -0.00415695       0.840034         140.48
     -124.701       -162.262              0        42.7054        30.3703        -1283.3      0.0081075     0.00579031      -0.243849        180.002
     -115.091        146.957              0       -153.031        15.0641        5461.55     -0.0290335     0.00280582        1.03799        162.545
      -118.96        171.658              0       -73.6679       -53.1353         2994.2      -0.013988     -0.0100957       0.569032         127.28
     -104.043        176.782              0       -2537.25        60.9015       -11900.7       -0.48219      0.0115513        -2.2615        125.858
     -102.697       -150.443              0        3609.92        -437.85          19566       0.686147     -0.0832595        3.71909         22.267
     -101.955        91.1557              0       -3932.87        150.503       -20886.8       -0.74732      0.0285689       -3.96887         29.036
      -102.88        140.831              0       -4786.39        470.971       -19132.1      -0.909572      0.0895517       -3.63565        40.7083
     -104.917        160.655              0        -2945.3       -181.149        12693.2      -0.559834     -0.0344629        2.41244        95.4077
     -104.058        197.194              0       -1870.88       -83.0995        7673.89      -0.355548     -0.0157849        1.45859        140.335
     -118.101        182.365              0        22.4814       -31.6915        3094.33     0.00426301    -0.00601794       0.588096        155.785
     -108.101        186.445              0        906.508        102.065        6557.46        0.17228      0.0193719        1.24626        105.903
      -108.96        168.821              0        1166.06       -135.483        7764.98       0.221637     -0.0257726        1.47555        104.265
     -102.958        -174.52              0        3944.22       -661.659       -14122.7       0.749642      -0.125811       -2.68446         92.845
     -107.658       -165.534              0       -1223.42        95.0499        8641.58      -0.232524      0.0179427        1.64191        62.4483
     -107.544        -178.96              0       -838.562        194.237       -8591.41      -0.159313      0.0368898       -1.63308        75.3994
     -118.318       -190.236              0        27.3973       -50.6616        2726.29     0.00519895    -0.00961593       0.518095        130.807
     -103.731       -196.254              0        2181.44       -153.942        7628.07       0.414521      -0.029249        1.44948        129.358
     -108.318       -186.015              0       -716.649        244.969       -6410.77      -0.136201       0.046581       -1.21844        79.0362
     -107.398       -158.999              0       -494.411          261.7        10026.2      -0.093925      0.0498353        1.90522        78.1345
     -116.127       -146.762              0         129.66        34.2189       -5009.24      0.0246918     0.00648501      -0.952119        159.771
     -107.032       -116.854              0       -1401.41       -497.626        14163.4       -0.26634     -0.0944575        2.69174        63.1225
     -117.032       -122.971              0        92.8268       -16.7734        5419.98      0.0176386    -0.00312891        1.02979        116.513
     -105.132       -139.955              0       -1499.19        97.6551        15096.1      -0.284872      0.0186171         2.8697        32.2901
     -107.807       -132.018              0         102.63       -106.411       -10418.3      0.0194638     -0.0202252       -1.97994         33.493
     -105.687       -94.0424              0       -899.435        514.615       -17450.4      -0.170967      0.0978267       -3.31625        53.9237
      -109.93       -105.661              0       -33.6334        32.7764       -10120.6    -0.00638556     0.00620474       -1.92279        70.8839
     -106.344       -83.7084              0       -2263.08       -175.863        16190.2      -0.430043     -0.0334213        3.07682         53.578
     -110.534       -89.8975              0        147.059        20.0673        10726.9      0.0279514     0.00382191        2.03888        68.7664
     -110.576       -61.0306              0         75.233        22.5529       -8820.14      0.0142462     0.00427014       -1.67629        55.1086
     -103.858       -57.5742              0       -2361.23        106.045       -18580.1      -0.448757      0.0201485         -3.531        15.7668
     -111.984        -50.057              0        41.7652       -24.5599        6715.19     0.00795977    -0.00466427        1.27604        79.9131
     -109.028       -55.5235              0       -28.5686         58.246       -9769.64    -0.00543352      0.0111089       -1.85667        23.5779
     -103.928        63.5535              0        877.967        420.052       -19048.4       0.166851      0.0797266       -3.61956        34.6056
     -111.366        52.8362              0        76.3523        25.7453        7473.83      0.0145533     0.00485706        1.42024        97.6345
     -111.879        68.3767              0        76.2032       -56.4193        7816.23      0.0144117     -0.0106991        1.48541        64.2415
     -106.494        74.9697              0        2241.12        47.1664       -16358.2       0.425998     0.00906785        -3.1085         59.343
     -108.655         81.679              0        2230.79        185.792       -12814.7       0.424047      0.0353323       -2.43484        89.3026
     -106.164        86.6314              0        2365.12       -29.5421       -14939.1       0.449533    -0.00565039       -2.83842        38.7852
     -107.321        109.213              0        266.808       -186.809       -12707.4      0.0506958     -0.0355616       -2.41506        35.1407
     -104.905        102.587              0        1730.28       -358.594       -17688.7       0.328889     -0.0681316       -3.36061        39.0903
     -110.555        113.702              0         157.95       -36.5019       -9766.63      0.0300155    -0.00692277        -1.8563        45.1537
     -104.335        124.831              0        2014.16        221.761        15782.4        0.38285       0.042132        2.99972        33.7057
     -109.381        128.725              0        94.3516       -8.35627       -9587.33       0.017911    -0.00158403       -1.82193        48.1065
     -108.917         121.66              0        37.0462        69.0887       -10549.4     0.00706524      0.0131329       -2.00459        42.1961
     -107.128        155.773              0        1107.55        119.764         9854.4       0.210521      0.0228468        1.87326        45.1376
     -117.128        155.415              0        -31.391        44.0387       -4177.19    -0.00598499      0.0083675      -0.794016        131.956
     -117.766        94.6028              0       -25.5269        82.6741        4849.44    -0.00482481      0.0157026       0.921566        133.002
     -109.721        94.7662              0       -103.252        60.5435       -9785.11      -0.019655      0.0114571       -1.85957         50.304
      34.7105       -324.804              0       -12.9302        37.5229       -1169.85     -0.0024502     0.00709889      -0.222168        295.854
      525.577           -320              0       -25.7555       -231.547        985.846    -0.00488338     -0.0439679       0.187466         591.02
      451.859           -320              0        41.9835       -485.217       -1932.19     0.00795849     -0.0921969       -0.36742        578.429
      361.261       -318.688              0        -40.557        28.6843       -2960.97    -0.00772789     0.00545658      -0.562832        182.111
      538.711           -310              0        46.0825        308.063       -1210.53     0.00874159      0.0585219      -0.230045        508.025
      503.247           -310              0        57.0915        746.641        2867.02      0.0108687       0.141899       0.544812        496.794
      48.1425        -309.09              0        75.5694       -1085.73        5615.44      0.0144027      -0.206404        1.06685        183.321
      316.016       -316.042              0        69.4048         57.722       -4532.15       0.013136      0.0109007       -0.86131        103.753
       468.38           -310              0        2.13914        1442.18       -3977.53    0.000380278       0.274074      -0.755952        493.438
      243.509        -318.09              0       -31.3261        11.3232        3942.28    -0.00595618     0.00214746       0.749122        153.675
      282.077       -315.662              0        63.5146        224.874        -5196.7      0.0120751      0.0427499      -0.987663        97.9912
      122.284       -319.558              0       -49.0181        24.2708        3008.99    -0.00938756     0.00459553       0.571718        175.515
     -22.1883       -313.975              0        62.1319       -353.209         2734.5      0.0117914     -0.0671264       0.519613        261.483
     -38.5763           -320              0        64.9704       -362.718        1041.65      0.0123281     -0.0689245       0.198029        575.019
      122.515       -303.457              0        87.1163        2895.97          12715      0.0166049       0.550427        2.41693        76.8222
      74.6805       -324.377              0        94.3112        186.725        1287.27      0.0179532       0.035465       0.244684        320.866
     -88.6725           -310              0       -73.3625        366.542       -1220.23     -0.0139434      0.0696794      -0.231891        509.737
      87.8497        -318.12              0        57.8157        122.675        3923.52      0.0109889      0.0233178       0.745877        137.752
     -75.4991           -320              0       -61.6831        -185.52       -783.804     -0.0117109     -0.0352802      -0.148935        592.803
     -53.2004           -310              0       -39.8324        658.397         2048.5    -0.00754329       0.125129       0.389465        493.704
      140.773       -323.426              0        2.96667       -1.22948        -1867.2     0.00059421   -0.000280256      -0.354707        177.511
      169.281       -318.222              0       -36.4016        20.2968       -3484.66    -0.00691217     0.00382369       -0.66224         127.71
    -0.411677       -324.858              0       -28.0939        59.8261        1248.65     -0.0053339      0.0113627        0.23724         292.75
      16.4242       -308.793              0        1.69943        -514.23       -5224.41    0.000352245     -0.0977763      -0.993027        125.771
      212.763       -324.589              0       -28.1684        45.0408       -1480.69    -0.00535562     0.00855851      -0.281458        126.835
      106.332       -326.101              0        -13.063        51.2745       -920.875    -0.00250483     0.00978327      -0.175074        147.356
      375.016        -324.99              0       -3.59621        79.6076        -1092.4   -0.000699081       0.015137       -0.20762        287.825
      329.311       -313.131              0       -26.5758       -7.16582       -5363.84    -0.00508854    -0.00133352       -1.01945         69.338
      177.461       -324.313              0       -25.9988        28.8858        1532.61    -0.00492169     0.00549135       0.291415        168.861
      204.436       -318.691              0       -66.3853        105.568       -3442.03     -0.0126012      0.0201053      -0.654254        134.792
      255.362       -325.565              0       -6.44091        9.58261       -1295.78    -0.00126297     0.00182751      -0.246343        120.307
       292.31       -323.764              0       -86.1534        62.9796       -1637.87     -0.0163666      0.0119695       -0.31133        155.806
       412.62       -324.098              0       -46.1968        70.5487       -1243.05    -0.00878486      0.0133531      -0.236203        341.168
       337.74       -326.653              0        10.1518         36.762       -854.434     0.00193655     0.00702027      -0.162337        190.806
      399.233       -307.928              0        271.936       -805.155       -6879.67      0.0516795       -0.15302       -1.30753        121.883
      437.422           -310              0        4.90302         1599.3       -4701.75    0.000937495       0.303944       -0.89376        321.238
      488.541           -320              0        5.43882       -374.437        1261.53     0.00102849     -0.0711677       0.239728        578.801
      196.264       -324.102              0         1.6018        2.96232        1838.02    0.000304437    0.000569547       0.349365        157.991
      233.014        -324.62              0        -7.8128        10.0907        1815.22    -0.00145511     0.00187895       0.344869         177.76
      64.5689       -318.663              0       -63.1541        41.1732        2975.65     -0.0120477      0.0078488       0.565422        146.543
      89.0542       -301.592              0        67.5126        2893.69        12587.8       0.012811       0.549984        2.39294        29.1453
      116.654       -309.558              0        105.121        -1005.6        7467.94       0.020012       -0.19117        1.41941         141.65
      98.4219       -319.844              0       -70.0633       -11.7209        2879.79     -0.0133231    -0.00223686       0.547419        163.726
      149.463       -303.426              0       -41.9714        3740.96       -13970.6    -0.00793393       0.710905       -2.65488        81.5314
      151.807       -317.334              0         17.809        54.8737       -3839.04     0.00341714      0.0104281      -0.729555        177.978
      181.035       -306.582              0        231.688       -584.791        11194.2      0.0440153      -0.111194        2.12764        72.2341
      185.913       -302.269              0       -262.178        5599.97        20043.5     -0.0498213         1.0644        3.80932        49.2173
      222.682       -319.208              0        98.2505        13.7629        3365.08      0.0186411      0.0025774       0.639248        187.096
       214.72       -304.589              0       -160.332        4525.51         -15580     -0.0304963       0.859969       -2.96078        108.806
      248.901       -301.619              0        37.9789        3560.43          15731     0.00720888       0.676639        2.98985        38.7932
       223.69       -309.208              0        70.1327       -981.746        8970.42      0.0133392      -0.186516        1.70473         159.57
      279.025       -302.611              0        399.255         4887.7        19732.3      0.0758746       0.928794        3.75102        71.0333
      252.488       -319.035              0        17.5049        40.9466        3478.63      0.0033111     0.00776338       0.660865        123.542
      311.015       -302.312              0        548.893        5161.03       -17102.3        0.10429       0.980876       -3.24967        61.5155
      288.913       -316.814              0       -40.3464        5.51954       -4343.38    -0.00767257     0.00105605      -0.825603        126.966
       342.07       -310.351              0         109.67       -1220.68        6536.23      0.0207948      -0.231979        1.24196        171.433
      349.423       -320.351              0        37.7412       -16.4287       -2638.13     0.00721235    -0.00314832       -0.50135        161.034
      375.427        -304.99              0        238.489        2445.11          11184      0.0452709       0.464698        2.12543        128.909
       385.81       -318.821              0        39.4984        41.0704       -2820.97     0.00752426       0.007802      -0.536094        153.502
      119.005       -326.101              0       -3.01911        4.88962       -874.694     -0.0005622    0.000939425      -0.166202        74.9754
      159.482       -323.908              0        19.5693       0.402781       -1806.41     0.00372445   8.76125e-005      -0.343272        181.356
      267.954       -325.565              0       0.504437        59.3617       -1343.38   6.66603e-005       0.011254      -0.255292        131.026
      304.923       -323.764              0        42.3713        46.3493        -1575.7     0.00805289     0.00879931        -0.2995        198.139
      427.932       -314.076              0       -44.7039        -681.22        -3841.9     -0.0084626      -0.129459      -0.730294        134.878
      397.802       -317.928              0        -40.669        18.0639       -3061.59    -0.00771745     0.00345425      -0.581806        187.336
       358.09       -303.697              0        78.4278        3038.27          10067       0.014938       0.577361        1.91338        82.7392
      328.372       -302.747              0       -76.3786        3569.09        15830.6     -0.0145637       0.678223        3.00974        57.0652
      296.732       -303.764              0        130.997        4574.83         -15590      0.0248847       0.869634       -2.96331        81.7516
      262.862       -305.565              0       -117.549        4822.05        13784.5     -0.0222879       0.916534        2.62043        118.045
      233.105        -304.62              0        47.4859        3914.03         -14606     0.00907337       0.743801       -2.77559        112.572
      201.266       -301.352              0       -8.44733        3670.21        18563.6    -0.00158997       0.697616        3.52749        33.0943
      166.713       -303.908              0       -150.812        2538.56        12599.9     -0.0286891       0.482441        2.39476        103.186
      138.782       -303.426              0       -80.4873        3678.99        16059.5     -0.0152624       0.699447        3.05186        83.1309
      100.645       -303.743              0       -52.3332        2932.86       -13283.4    -0.00992689       0.557431       -2.52467         96.711
       75.203       -304.377              0        62.1454        3074.57        12976.2      0.0118394       0.584119        2.46601        130.448
      49.9326        -319.09              0        30.1718          -64.2         2536.9     0.00568883     -0.0122744       0.482103        224.866
      15.3125       -318.793              0        -40.645        -18.229        2448.81    -0.00769066    -0.00345709       0.465458         168.57
     -15.0362       -303.975              0       -1.46868        1399.54       -6127.34    -0.00028798       0.265993       -1.16453        193.264
      -9.4549       -318.833              0        5.14619        18.0946        2157.45    0.000971987     0.00345252       0.409976        162.686
      25.1289       -318.738              0        15.9309        56.4371       -2378.93     0.00301486      0.0107651      -0.451949        98.6213
        25.23       -303.934              0        86.8383        2131.29       -7432.22      0.0164721       0.405042       -1.41248          72.97
     -2.30277       -308.833              0        171.032       -589.051       -4440.83      0.0324857      -0.111957      -0.843989        111.939
       7.8522       -304.858              0        51.2242        1908.25         7370.8     0.00972826       0.362615        1.40073        144.572
      30.3623       -308.738              0       -77.8696       -906.702       -5879.58     -0.0147568      -0.172289       -1.11738        64.6331
      38.1537       -304.804              0        80.4592        2758.17        9952.47       0.015204       0.524271        1.89138         121.69
      57.8415       -304.286              0       -31.0759        2124.86        9197.32    -0.00587254       0.403936        1.74778        97.9867
      67.8593       -308.663              0        28.0225       -1019.94        7078.48     0.00532065      -0.193841        1.34516        109.427
      92.3104       -305.335              0       -151.298       -1388.04          10757     -0.0287209      -0.263836        2.04486        37.8479
      105.464       -309.844              0       -47.7099       -1240.34       -7004.58    -0.00909202      -0.235774       -1.33153        164.387
      172.522       -308.222              0        99.3624       -1602.54       -8971.25      0.0188842      -0.304627       -1.70505        92.5746
      155.797       -307.334              0       -64.4855       -1501.23        10138.8     -0.0122825      -0.285286        1.92689        104.905
        197.2       -305.454              0        39.1484       -1519.15        11267.3     0.00744885      -0.288702        2.14084        64.8393
      192.106       -306.372              0        -606.67       -1184.33        12809.6      -0.115322      -0.225089        2.43441        34.8656
      252.973        -305.09              0       -32.6966       -1296.67       -11281.5    -0.00621903      -0.246419       -2.14421         21.826
      256.895       -309.035              0       -49.6712       -1292.45       -8300.84    -0.00950038      -0.245687       -1.57726        61.6875
       284.65       -305.662              0       -543.085       -1452.52        13995.4       -0.10324      -0.276039        2.66053        41.9723
      291.487       -306.814              0       -546.891       -1427.93        10875.9      -0.103964      -0.271423        2.06719        54.0409
      316.718       -306.042              0       -380.189       -1234.15       -11344.2     -0.0721671      -0.234624       -2.15528        61.2263
      323.545       -306.478              0       -114.058       -1570.63         9586.9      -0.021611      -0.298386        1.82331        53.8053
       364.98       -308.688              0         90.464       -867.031        7080.18      0.0171148      -0.164773        1.34564        137.587
      347.019       -303.697              0        295.746        2637.24        11336.4      0.0562864       0.501149         2.1545        101.467
       421.53       -318.173              0        15.6192        107.251       -2450.54     0.00299024      0.0203867       -0.46578        108.351
        408.7       -304.098              0        80.4889        1984.45       -10109.1      0.0152909       0.377167       -1.92124        111.809
      391.064       -303.831              0       -55.7814        3074.47        11385.1     -0.0105923       0.584323         2.1639          81.69
      382.502       -308.821              0        -54.531       -1235.83         7661.6     -0.0103741      -0.234863        1.45607        95.8857
      416.179       -308.173              0       -203.467       -628.536       -6290.88     -0.0386828      -0.119457       -1.19556        74.4132
      422.581       -304.076              0        -17.856        1854.96       -7000.17    -0.00338396       0.352535       -1.33041        69.0986
      308.907       -316.075              0       -35.7118         188.92       -4448.07    -0.00678252      0.0359408       -0.84549        142.673
      303.695       -306.075              0        154.979       -1052.24       -10937.8      0.0294335      -0.199984       -2.07885        50.8089
       325.56       -320.384              0       -6.79224        10.3965       -2861.18     -0.0013186     0.00201338      -0.543832        175.087
      334.139       -309.401              0       -94.8704       -1283.63       -7698.76     -0.0180352      -0.243992       -1.46282        61.1246
      273.676       -318.176              0        4.22046        30.3756        3785.85    0.000819819     0.00583284       0.719899        190.842
      270.205       -308.176              0        231.321       -1262.86       -9983.92      0.0439837      -0.239999       -1.89767        98.4266
      241.863       -306.238              0        4.02782       -1298.95        -9710.5    0.000749755       -0.24686        -1.8457        81.9713
      245.934       -309.709              0     -0.0942913        26.3707        7281.63  -2.61026e-005     0.00500467         1.3838         51.972
      203.909       -310.043              0        10.0571        96.8022       -7470.24     0.00192463      0.0184446       -1.42002        71.7222
      207.976       -305.941              0        35.6635       -1697.14        11471.5     0.00685844      -0.322525        2.17956        38.1851
      187.228       -310.685              0       -43.4601        51.3018       -6566.69    -0.00825185     0.00971851       -1.24844        53.9479
      186.895       -318.416              0        27.1954        9.11893        3558.65     0.00518324     0.00173687       0.676552        163.213
      86.5572       -309.712              0       -9.49098       -17.8515        7873.48    -0.00180796    -0.00339065        1.49681        52.9053
       83.301       -305.969              0      -0.275024       -1381.48        10310.4  -2.85823e-005      -0.262538        1.96004        41.1348
      133.779       -316.883              0       -129.117        76.5189        3779.81      -0.024494      0.0145164       0.718254        174.892
      133.087       -306.883              0       -36.4232       -1380.31        10263.4    -0.00688772       -0.26232        1.95066        92.2881
