       x [um]         y [um]         z [um]     ExRe [V/m]     EyRe [V/m]     EzRe [V/m]     ExIm [V/m]     EyIm [V/m]     EzIm [V/m]    Area [um^2]  
---------------------------------------------------------------------------------------------------------------------------------------------------------
     -236.303       -784.712              0        4.18553        21.2367          573.3        0.29286        1.48739        40.1528        1572.44
     -447.968         166.01              0        -15.848       -2.05046       -1289.85          -1.11      -0.143917       -90.3435        2604.09
      346.399       -715.665              0       -1.86222        22.4701        1393.81      -0.130643        1.57364        97.6217        1594.93
     -158.944       -661.977              0        542.709       -3339.12          33327        38.0125       -233.872        2334.23        233.668
      252.903        680.497              0       -10.9076       -1203.01       -7762.76      -0.761219       -84.2584       -543.705        976.525
      -410.37       -473.523              0       -18.5535        11.8238        3012.05       -1.29858       0.828129        210.966        1946.57
      476.558        414.043              0        14.9414       -5.69789       -709.282        1.04651      -0.399123       -49.6781        3153.25
      362.961       -482.218              0       -209.456        30.1827         6507.7       -14.6715        2.11424        455.799        2260.33
      -226.61       -662.068              0       -65.9779        5032.54        15486.4       -4.61763        352.477        1084.69        852.466
     -46.3117         657.91              0       -777.637       -6477.78         -53242       -54.4654       -453.695       -3729.04        80.2425
     -372.838       -424.355              0        36.6424       -1.08138        5851.65        2.56699     -0.0751289        409.846        1135.67
     -74.1043       -766.519              0        18.6527        5.40013        2550.87        1.30672       0.379026        178.668        1325.54
     -70.4111       -717.906              0       -16.0999        26.0894        8680.75       -1.12766        1.82549        607.997        798.283
     -307.327        -344.94              0        9663.04       -65.8339        24408.1        676.802       -4.61346        1709.54        289.692
      -321.77       -32.8801              0        1099.36        198.334        3305.38        76.9996        13.8909        231.508        1937.87
     -307.395       -465.643              0        6234.52        260.644        20133.4        436.667        18.2552        1410.15        318.499
       347.58         762.72              0       -9.64843        6.83512       -624.816      -0.675847       0.478749       -43.7624           1856
      -168.46       -658.444              0       -460.757         7120.9          28758       -32.2737        498.747        2014.22        215.541
      75.1351       -777.265              0        5.59822         7.2044        1768.44       0.392316       0.504118        123.857        1206.52
      416.564        717.849              0        3.63554      -0.268573       -600.067       0.254817     -0.0187172       -42.0276        2273.82
     -385.512       -498.958              0        40.7565       -4.38662        4321.96        2.85369      -0.307148        302.709        1513.46
      305.541       -248.957              0       -5347.68       -15.6094        22270.3       -374.552        -1.0934        1559.81        252.659
     -392.462        257.379              0       -7.38436       -14.4432        -4261.1      -0.516086       -1.01131       -298.443        4346.85
     -404.059        622.675              0       -7.86664        32.6356       -1724.88      -0.550777        2.28615       -120.813        3222.39
     -475.521        577.343              0       -16.1319        6.42976       -498.894       -1.12984       0.449957       -34.9424        3220.57
      -450.78       -10.3923              0        8.03882        21.2907        84.4469       0.563209        1.49122        5.91561        4238.66
      306.637       -776.859              0       -1.31603       -2.19416        499.944     -0.0918558      -0.153795        35.0153        2463.29
      -337.63       -594.602              0       -1193.07        13.3402        6569.92       -83.5624       0.934366        460.154        1709.34
      386.686       -417.893              0        20.4731       -7.91127        4769.14        1.43451      -0.554123        334.032        1989.13
     -274.737        727.029              0       -8.82912       -42.8592       -2369.14      -0.619014       -3.00128       -165.936        1910.63
      377.198       -314.519              0        58.0039       -28.9484        5843.35        4.06051       -2.02451         409.28        1721.87
     -322.457        180.144              0        1849.99        112.739         -13703        129.574        7.89589       -959.759        748.045
     -379.667        336.696              0       -27.6214      -0.652992       -5850.33       -1.93543     -0.0500256       -409.762        1204.95
      382.614         392.91              0        -28.899         40.807        -5053.5       -2.02458        2.85813       -353.947        2015.22
      99.3172         776.87              0       -32.3564        24.2554       -1822.45       -2.26726        1.69846        -127.64        2315.26
     -99.6092       -682.329              0        10.8235        68.7598        18067.7       0.759593        4.81397        1265.45        437.295
      320.693        304.163              0       -2339.22        165.579       -17714.4       -163.837        11.5927       -1240.72        585.202
      381.276        779.049              0       -7.95184       -10.7344       -217.451      -0.556721       -0.75181       -15.2306        2368.08
     -333.023       -657.599              0       -90.0722       -123.728        3856.58       -6.30839       -8.66638        270.116        1896.04
     -388.649        435.189              0        29.0012        2.31686       -4541.37           2.03       0.162361       -318.085        2089.88
      166.088        778.742              0        16.6398        41.2981       -1226.79        1.16546        2.89259       -85.9242        2146.35
      313.141       -447.178              0       -4857.17       -139.528        18805.9       -340.195       -9.77289        1317.16        1176.77
      346.478        727.572              0       -11.9135        13.9563       -1235.35      -0.834431       0.977552        -86.524        1777.88
      316.482        223.458              0       -2640.25        122.331         -19462       -184.922        8.57097       -1363.13        473.092
      -187.02        660.795              0        238.447        7084.02       -22025.1        16.7015        496.158       -1542.63        461.607
     -377.402        123.863              0        94.9176           82.4       -3538.39        6.64934        5.77234       -247.828        2398.16
     -366.933        508.523              0       -44.8837       -12.7481       -5201.12       -3.14623      -0.893614        -364.29        1493.83
       166.23       -778.134              0        -67.887       -7.92824        1072.68       -4.75477      -0.555343          75.13        2212.06
     -305.252         783.77              0        7.95562        2.92119        -361.44       0.557425       0.204677       -25.3154        1749.25
      111.482        659.011              0        798.902       -5717.47       -46103.4        55.9544        -400.45       -3229.09        222.532
      8.74394       -654.518              0        349.599          19844        65877.2        24.4902        1389.88        4614.06        165.882
     -271.858        763.242              0        3.31382        16.3995       -1226.63       0.232037        1.14843       -85.9129        2006.01
     -164.882       -772.435              0         14.889        -11.658        1744.93        1.04296      -0.817687        122.211        2790.03
      439.976        -170.97              0       -10.2557       -9.94873        1461.03      -0.718624      -0.696822        102.331        3800.47
     -305.295       -400.715              0        7707.02        439.994        23761.2        539.799        30.8166        1664.23        286.072
     -470.102        211.448              0       -2.94511        9.24958       -827.176      -0.206752         0.6478       -57.9379        4070.61
     -331.719       -116.126              0       -1870.64       -99.4966        9212.79        -131.02       -6.96923        645.262        1063.07
      319.799        -624.94              0       -1771.52       -155.911        5890.88       -124.077       -10.9207        412.598        1684.94
      357.829       -126.947              0        11.8967       -59.9399         5147.4       0.834596       -4.19805        360.522        2480.57
     -471.319       -416.421              0        3.75691       -13.5432        929.013       0.262759      -0.948398        65.0665        3848.15
      407.524         13.491              0       -6.69819       -24.3915        -280.83      -0.469164       -1.70823       -19.6695         3147.5
       386.35       -167.823              0        36.8339        34.8414        3988.98        2.58005        2.44055        279.389        3009.63
     -364.353        219.482              0       -123.411       -24.4439       -6271.43       -8.64384       -1.71195       -439.249        2207.45
      364.913       -199.337              0        27.6035        14.8125        6116.22        1.93213        1.03785        428.381        2245.21
      -443.61        258.829              0       -5.55436        11.5221       -1741.85      -0.388341       0.807499           -122        5239.06
     -144.415        655.526              0        18.9412        7451.17       -37354.5        1.33389        521.878       -2616.28        222.795
     -448.174       -111.449              0        46.5991       -18.3422        872.242        3.26354       -1.28466        61.0908         3615.5
      102.235       -652.474              0       -707.514          20629        57769.9       -49.5532        1444.88        4046.19         92.697
      367.915       -96.9296              0       -13.0166       -89.1554        2948.02       -0.91187       -6.24462        206.478        1107.59
       -453.2       -547.835              0        5.39832       -5.14886        1091.91       0.378111      -0.360904        76.4787        2307.64
      472.184       -491.287              0       -9.47799       -3.82468         707.99      -0.663527      -0.267889        49.5865        3706.87
     -99.0559        654.032              0       -297.874        18181.3       -50005.2       -20.8789        1273.39       -3502.47        173.096
     -163.318        779.197              0       -36.2919       -6.22047       -1073.84       -2.54159       -0.43579       -75.2108        2089.45
       480.26        234.229              0        31.5437        4.49186       -575.809        2.20926       0.314483       -40.3292        2678.25
     -11.7436         653.91              0        1135.24          23686         -66516        79.5132        1658.97       -4658.81        133.204
     -21.0374        657.943              0        1022.32       -8386.61       -58532.4        71.5919       -587.394       -4099.64        84.3603
     -414.497        723.588              0       0.243948        3.72886       -603.354      0.0171071       0.261244       -42.2605        2306.04
      -345.76        730.947              0       -4.11305       -8.96617       -1233.92      -0.288018      -0.628055       -86.4248        1672.54
     -368.296        405.146              0        19.4257       -59.1002       -6294.79        1.36176       -4.13971       -440.889        1731.01
      122.035        653.699              0        129.669        12667.4       -42761.3        9.08182        887.225          -2995        76.3156
      21.6037        657.243              0        1013.67          -6284       -52253.7        70.9991       -440.129       -3659.85        94.2225
      46.5456        661.597              0       -510.312       -5128.26       -47124.7       -35.7428       -359.183       -3300.62        207.957
      305.273         683.19              0       -126.836       -99.1304       -3947.51       -8.88365       -6.94324       -276.482        1569.53
      307.629        91.4601              0        3166.14        167.865       -9933.66        221.759        11.7574        -695.75        675.417
      304.002        466.199              0        6274.12        355.454       -22580.8        439.445        24.8949       -1581.55        184.901
        443.4       -82.2296              0       -3.29433        28.0894        836.245      -0.230651        1.96741        58.5698        3898.94
     -103.265       -777.379              0        4.84312        24.3313        1605.41       0.340293        1.70449        112.442        2273.37
      77.1211         652.15              0       -192.922        21246.7       -60307.1       -13.5136        1488.12       -4223.89         65.718
      411.211        -756.12              0        2.77177       -10.8314        352.043       0.194041       -0.75869        24.6568         1645.2
      334.335         -655.9              0        163.643       -128.931        3688.95        11.4614       -9.02981        258.378        1475.58
     -468.806        484.435              0       0.642407        11.1013       -917.143       0.045191       0.777869       -64.2369        4144.04
     -327.585        234.351              0        1819.54       -177.006       -13466.2         127.44       -12.3984       -943.174        1220.31
     -449.222       -376.613              0        38.2713       -1.90809        1677.52        2.68033      -0.133491        117.491        3267.87
     -312.066         197.55              0       -4667.17       -127.331         -17334       -326.888       -8.91723       -1214.07         611.23
     -234.642        779.472              0        6.94794        17.4288       -849.768       0.486685        1.22049       -59.5174        2121.47
      380.086       -590.185              0       -121.882         16.893        3071.03       -8.53677        1.18342        215.092        2583.15
     -320.907        620.319              0       -2073.69       -331.645       -5850.22       -145.242       -23.2288       -409.749        1773.76
      -251.45        672.518              0       -28.8914       -1230.21       -8952.75       -2.02667       -86.1616       -627.056        730.378
     -477.902       -326.589              0        20.4854        3.64791        688.729        1.43473       0.255638        48.2383        2996.13
       -311.7        713.476              0       -33.2994         59.577       -2142.96       -2.33184        4.17262       -150.093         2106.8
     -311.423       -415.268              0       -2025.85       -737.845        20644.3       -141.891        -51.679        1445.93        223.257
     -311.818       -145.824              0         5010.3       -72.3303        13996.8        350.921       -5.06661        980.333        1052.67
     -226.574        658.731              0       -11.2279        4592.74       -15116.3      -0.790133        321.678       -1058.76        619.058
      231.991       -779.199              0        16.0648        5.95915        838.934        1.12489       0.417353        58.7583        2135.32
      395.333        629.332              0        41.3781         14.933       -1892.69        2.89804        1.04594       -132.565        2496.71
      442.662        627.622              0          10.17       -9.39126       -916.932       0.712347      -0.657862       -64.2225        3841.14
      474.287       -668.232              0        6.40157       -2.56844         275.75        0.44851      -0.180288        19.3126        3363.59
      466.943       -128.795              0       -22.8004       -9.03078        659.386       -1.59693      -0.632774         46.183        4468.46
      -307.67        448.651              0        -6492.4        -175.24       -19356.5       -454.724       -12.2737       -1355.72        684.461
      311.179       -87.5536              0       -3942.62        81.8334        10680.3       -276.137        5.73176        748.047        990.997
       238.71        785.051              0       -5.53432        6.64634       -554.461       -0.38764       0.465604       -38.8346        1536.42
      116.313       -657.202              0       -1274.23       -5649.41        49633.9        -89.244       -395.685        3476.37         97.755
      196.141       -665.553              0       -59.6054       -2835.82        18026.3       -4.17793       -198.622        1262.58        387.839
      184.215       -658.816              0        50.2806        6895.85          24338        3.51564         482.98        1704.66        353.118
     -478.201       -505.364              0        21.7948       -8.34852        559.425        1.52648      -0.585573        39.1815           2842
     -379.295       -590.922              0       0.392302        36.3108        3152.86      0.0270689        2.54283        220.826        2083.86
       324.11        -477.17              0        1718.91       -383.106        14631.1        120.392       -26.8333        1024.77        1007.23
      324.323        180.825              0       -2210.38       -136.186       -14034.7       -154.813       -9.54021       -983.002        1263.61
      -369.39         304.88              0       -7.91723       -34.2557       -6591.92      -0.554078       -2.40016       -461.692        2852.12
      482.377       -306.968              0       -3.90014        3.18454         543.03      -0.273089       0.223337        38.0335        2404.28
      327.954       -351.848              0        3148.87       -26.5832        14807.4         220.55       -1.86169        1037.09         1134.7
        307.2       -189.524              0       -5238.22         157.09        16730.6       -366.884        11.0026        1171.81        294.671
     -341.672       -62.5523              0       -922.925        81.7841        4731.49       -64.6418        5.72918        331.389        1685.07
     -449.521       -466.468              0       -5.40857        4.58055        1528.46      -0.378014       0.320632        107.051        3584.41
      324.219       -123.748              0        1881.77        184.853        11480.2          131.8        12.9475        804.067        1363.77
      220.624       -656.737              0        113.758        5287.77        18271.7        7.96449        370.354        1279.74        474.404
      250.912        715.548              0        20.3886        50.9926       -3441.37        1.42795        3.57063       -241.033        1441.26
       455.01        709.732              0       -5.17549       -5.32012       -375.391      -0.362689      -0.372617       -26.2915        2333.58
      351.212        361.467              0        253.109        35.8063       -8406.55        17.7289         2.5079       -588.794        1610.46
     -38.9121        -789.14              0       -12.3797        9.66509        820.855      -0.867746       0.676743        57.4927        1089.27
      319.377         563.49              0        3083.63       -247.753       -9427.92        215.979       -17.3531       -660.329        1691.37
     -477.607       -56.9049              0        22.7898       -13.4041        230.495        1.59627      -0.938673         16.144        3031.25
     -369.981       -664.557              0        18.9853       -9.78408           2111        1.32953      -0.684945        147.855        2312.54
     -477.176       -234.216              0        13.3499       -11.4889          606.7       0.935043      -0.804776        42.4931        3095.05
     -311.599        88.8439              0       -3039.06         65.231       -11015.5       -212.857        4.56865       -771.521        1039.59
     -305.331       -681.319              0       -137.569       -164.731        4101.44       -9.63503       -11.5375        287.267        1585.01
     -366.732        471.231              0       0.771048        4.45653       -6107.97      0.0536402       0.312147       -427.808        2054.43
     -452.575        783.333              0       -7.80833        -7.7917       -63.8536      -0.546833      -0.545494       -4.47349        2125.28
      368.646        423.124              0        136.997       -14.2633       -6487.51        9.59473      -0.998865       -454.384        2948.33
      393.293        548.568              0       -5.49938       -47.6086        -3260.9      -0.384822       -3.33406       -228.396        2171.69
     -474.998       -584.902              0        14.3253        5.97805         494.35        1.00346       0.418637        34.6253        3186.88
     -331.702        -534.49              0       -1867.76        17.9821        10763.3       -130.815        1.26229        753.865        1489.13
      451.717        372.035              0        1.26987       -6.99842       -1468.41      0.0890967      -0.490101       -102.848        3365.17
     -312.953       -355.276              0        -2572.6        265.425        22943.7       -180.183        18.5909        1606.97        182.918
      471.564        584.295              0        14.9183        3.16399       -573.106        1.04488       0.221665       -40.1407        3635.78
      383.423       -695.605              0        19.0651        6.76536        1246.35        1.33536       0.473696        87.2934        2065.12
     -118.429       -655.353              0        155.231        10977.6        39825.6        10.8774        768.866        2789.37        128.046
     -29.4594        776.898              0        28.0706       -4.33229       -1970.75        1.96716      -0.303778       -138.031        2303.12
     -22.5102         685.28              0       -35.3515       -63.3409         -19235       -2.47745       -4.43947       -1347.23        332.367
      63.1354        755.089              0       -2.54056        83.4289       -3903.36       -0.17728        5.84362       -273.383        2326.04
     -473.508        313.677              0       -21.1709       -11.9433       -831.043        -1.4831      -0.836409       -58.2073        3603.71
       399.62        239.877              0       -6.94496        18.0929       -3721.57      -0.486504        1.26736       -260.655        736.322
     -58.8665        751.994              0       -33.4687        35.8767       -4289.35       -2.34461        2.51324       -300.428        2237.16
     -101.691        692.405              0       -18.3468        306.317       -14327.9       -1.28411        21.4523       -1003.51        1235.66
     -201.321       -670.513              0         318.31       -2017.44        16859.5        22.2936       -141.297        1180.86        837.406
       153.92        -659.82              0       -6.13562       -3169.35        30519.9      -0.422581        -221.98        2137.61        114.005
      134.265        -659.53              0        125.867       -5219.14        38112.8        8.81278       -365.549        2669.41        109.709
     -129.895       -710.358              0        29.8623        105.057        8410.31        2.09107        7.35813        589.043        1130.53
     -370.824       -291.074              0        30.3044       -40.1217        5903.77        2.12355        -2.8106          413.5        1332.43
     -405.106       -554.914              0     -0.0920672        3.91476        2679.41    -0.00662726       0.274434        187.666        2403.63
      476.457       -38.7026              0       -5.71784        8.97171        122.843      -0.400466       0.628273        8.60359        3170.97
      384.697        55.2784              0        57.2179       -33.8324       -1387.81        4.00774       -2.36944       -97.2023        2384.27
     -126.511        714.375              0        1.93721        17.9878          -7827       0.138067        1.25858       -548.195         1947.8
     -126.135        754.293              0        25.7346        46.6781       -3337.19        1.80262        3.26955       -233.735        2490.04
      275.476        668.338              0       -193.851        1989.52       -6290.96       -13.5782        139.345       -440.616        1396.91
     -480.911        753.541              0        14.4786       -3.94569       -48.2546        1.01366      -0.276251       -3.38122        2559.18
     -477.866        130.179              0       -7.63942       -13.1914       -358.111      -0.535077      -0.924142       -25.0823        3007.37
       313.04       -146.163              0       -4131.46       -50.9399        13771.3       -289.366       -3.56916        964.538        781.318
     -336.028       -5.25642              0       -21.0208        20.8678        90.7841       -1.47148        1.46204         6.3606        1524.49
     -319.902       -90.3423              0        2756.12        131.916        7967.42        193.037        9.24029        558.031        1772.74
     -307.392        144.114              0       -5233.81        153.641       -14977.3       -366.573         10.761          -1049        661.576
     -313.356        -300.19              0       -2798.26       -310.895        22882.7       -195.989       -21.7766        1602.71         263.18
     -307.548        -287.25              0        6525.83       -239.104          22579        457.066        -16.745        1581.44        274.149
      317.714       -233.849              0        2565.28       -5.56674        18181.2        179.672      -0.388659        1273.41        310.782
     -315.519        255.662              0       -5665.06       -304.854       -18424.1        -396.78       -21.3525       -1290.42        718.611
       202.76        671.814              0        209.977       -1918.31       -15647.3        14.7042       -134.356       -1095.95        945.795
      18.4421       -661.104              0       -941.284        -6417.4        49606.1       -65.9288        -449.47        3474.42        197.813
       37.846       -784.998              0       0.297533        10.5566         1230.6      0.0207669       0.739419        86.1896        1504.69
      379.552       -776.758              0        -7.1278        -5.6984        257.173      -0.499188      -0.398931        18.0128        2641.69
     -447.743       -198.462              0        2.31907       -21.6496        1313.28       0.162301       -1.51622        91.9809        2982.81
     -365.696        52.2783              0        -25.605       0.251276       -2104.07       -1.79186      0.0170749       -147.367        2716.41
      269.208       -756.058              0         12.916        8.55779        1454.32       0.904608       0.599091        101.858        2782.68
      440.617        107.225              0       -9.52072         27.533       -1024.14      -0.666767         1.9283       -71.7307        5100.75
      450.505       -623.416              0       -5.87699       -7.60944        791.663      -0.411172       -0.53296        55.4456        3493.38
      477.784        50.1868              0         7.6848     -0.0664783       -160.313       0.538311    -0.00461084       -11.2285        2991.48
     -314.391        505.983              0       -4899.81        -271.14       -15753.1       -343.185       -18.9914       -1103.36        1266.89
     -449.819         624.54              0       -1.05636        -18.381       -828.027     -0.0742666       -1.28749       -57.9976        3890.55
       405.51       -380.348              0       -22.1677       -4.78128        3604.23       -1.55322      -0.335619        252.442        1469.02
      130.338        755.612              0        14.4422       -10.2735       -3243.75        1.01136      -0.719731       -227.191        2187.12
      212.243        725.952              0        107.246        59.8752       -3880.34        7.51158        4.19317       -271.779        2713.15
      202.212        763.793              0       -28.1731        14.9775       -1809.11       -1.97322        1.04917        -126.71        2228.17
      382.703       -14.7368              0         10.172       -42.9358        175.837       0.712153        -3.0072        12.3158        2033.68
     -206.281        669.526              0        -30.519       -2873.67       -15194.9       -2.13713       -201.268       -1064.26        652.314
      366.384        521.367              0       -1.47726       -76.1588       -5470.68      -0.104418        -5.3338       -383.167        2109.85
      65.6417        722.875              0       -1.66266       -11.9242       -7890.79      -0.115954      -0.832521       -552.667        973.861
      32.0347        653.432              0        251.224        16214.7       -51855.7        17.5963        1135.68       -3631.98        106.083
     -477.489       -751.731              0        5.37252        9.62761        112.594        0.37657       0.674132        7.88691        2936.12
      449.945       -779.362              0       0.152589        2.45823        99.1062      0.0105993       0.172127        6.94109        2621.51
     -322.062        478.192              0        1937.64       -84.7978       -14838.6        135.712       -5.94076        -1039.3         868.07
     -380.164        579.899              0       -35.6347        26.8337       -3412.67       -2.49503        1.87915       -239.024        2451.22
     -469.641        400.521              0        9.19613       -1.10697       -958.244       0.643893     -0.0774671       -67.1177        4090.69
     -438.447         438.54              0       -11.3001        3.22846       -2040.65      -0.791483        0.22654        -142.93        3401.76
     -370.104        182.433              0       -75.6784       -13.5158       -5113.75       -5.30168       -0.94533       -358.168        1811.25
     -402.571        157.767              0       -74.9544        7.66169       -2844.46       -5.24968       0.536954       -199.229        1936.99
       454.24        6.86062              0       -4.98471        16.3259       -23.5773      -0.348992         1.1435       -1.65207        2996.25
     -409.333       -760.825              0        3.78349       -10.2522        327.619        0.26482       -0.71812        22.9464        1580.58
      328.372       -534.312              0        1535.37        67.6075          12188        107.536        4.73527        853.652        1217.19
     -110.642        658.752              0         625.36       -4881.55       -43733.6        43.8024       -341.894       -3063.12        96.3892
     -474.298        670.243              0        2.12367       -4.29324       -288.882       0.148175      -0.300421       -20.2358        3373.91
      -64.723        657.075              0         253.84       -6931.22       -52695.3        17.7879       -485.453       -3690.78        64.7601
      227.781         662.16              0       -276.358        5320.25       -14094.6       -19.3558        372.633       -987.201         863.97
      154.898        667.768              0        333.132       -3303.91       -22846.2        23.3329       -231.406       -1600.14        543.531
      101.477        702.769              0        105.408       -24.4189       -11319.9        7.38259       -1.71015        -792.84        1072.32
      357.564       -257.125              0       -142.301        30.6389        7287.81       -9.96634        2.14445        510.443        1567.09
      478.576        -405.45              0       -9.35432       -3.74182          654.7      -0.654929      -0.262107        45.8542        2902.05
     -22.9893       -658.008              0        37.8651       -6512.93        55186.7        2.64474       -456.161        3865.27        108.476
      311.787       -316.671              0       -6636.02        164.667        19306.6       -464.785        11.5356        1352.24        626.925
        318.9       -303.612              0        2637.28       -174.568        19011.6        184.715       -12.2287        1331.58        369.018
       450.76       -449.984              0       -3.12061        5.48679        1419.98      -0.219047       0.384382        99.4555        2854.55
     -405.883       -20.8061              0        20.6335       -14.0425        439.328        1.44504      -0.983443        30.7713        3611.37
      315.323        484.372              0        -2245.8       -33.0699       -18468.3       -157.294       -2.31968       -1293.52         203.44
      310.969       -505.213              0       -5629.81       -241.936        17387.3       -394.308       -16.9437        1217.81        973.679
      348.962        305.189              0        79.1826       -26.5581       -8981.98        5.54554       -1.85915       -629.101         1105.4
      448.402       -534.309              0        12.9939       -2.07924        1201.28       0.909985      -0.145639        84.1359        3302.95
      32.0287        778.219              0        5.91665        16.5232       -1753.53        0.41372        1.15609       -122.814        2173.52
      0.93273        755.117              0        24.4532        32.9672       -3997.06         1.7117        2.30936        -279.95        1730.71
     -156.231        659.602              0        858.883       -2563.55       -33719.1        60.1581       -179.557       -2361.67        115.269
      167.992        659.654              0       -850.982        8008.22       -22750.1       -59.6037        560.896       -1593.41        237.687
     -248.249         701.99              0        21.0301        6.49446       -4821.78        1.47227       0.454839       -337.722        1347.32
      363.818        137.776              0        68.6563       -43.7763       -4522.87         4.8083       -3.06624       -316.782        1610.07
      443.873       -368.973              0       -24.8016        -3.9957        1835.79       -1.73756      -0.280992        128.575        3490.05
      57.8608        -653.77              0        664.676        17908.6        54695.1        46.5569        1254.31        3830.84        111.886
      66.5952       -658.538              0        355.145       -7384.26        47761.9        24.8726        -517.19        3345.24        105.008
      403.637       -626.087              0        16.0482        6.76581        1775.13        1.12401       0.473612        124.327        3098.22
      476.218       -578.644              0       -17.4176         8.5939        469.889       -1.21974        0.60201        32.9101        3120.09
     -274.671        663.787              0        307.823        1563.41       -6854.15        21.5594        109.502       -480.068        1068.61
     -160.125        700.073              0        89.8027        125.076       -9269.27        6.28917        8.76267       -649.223        1550.43
       319.63       -29.6339              0       -785.012        182.774        2930.12       -54.9833        12.8014        205.226        1730.13
      330.808       -59.8199              0        810.042       -41.8728        5607.87        56.7349       -2.93252        392.775        1340.41
     -303.691       -781.586              0       -10.9228        7.53407        423.753      -0.765205       0.527718        29.6793        1962.09
      250.225       -676.275              0        37.0737       -1070.24        7913.95        2.59767       -74.9607        554.281        981.789
      367.223       -519.634              0       -115.526       -25.6034        5430.86       -8.09116       -1.79399        380.376        2530.92
      473.033       -217.648              0       -17.3354        19.7949        730.381       -1.21411        1.38651        51.1558        3669.13
       306.18        230.882              0        6016.33       -697.817         -22478         421.38       -48.8715       -1574.35        262.128
       308.87        285.356              0        6572.55        672.792       -20922.7        460.344        47.1215       -1465.42        367.479
      462.833        151.511              0       -4.80346        -35.803       -820.958      -0.336356       -2.50729       -57.4993        5016.94
     -269.107       -731.644              0        37.0154       -33.4011        2388.18        2.59263       -2.33945        167.266        1635.44
     -339.435       -761.695              0       -3.66764        2.06555        679.313       -0.25689       0.144762        47.5794         2319.1
       271.66        -720.08              0        6.42536       -5.63624        2869.27       0.450217      -0.394278        200.962        1753.71
     -95.0615       -662.558              0        108.106       -8153.25        42787.9        7.57221       -571.044         2996.9        312.038
     -79.8332       -657.206              0       -43.0889        13937.2          49779       -3.01818        976.152        3486.55        201.315
     -268.098       -766.297              0       -1.66189        4.43023        1044.02      -0.116281       0.310299        73.1223        1602.27
      469.019        500.178              0        3.32418         10.244       -880.159       0.233024       0.717531       -61.6475           4051
      317.819        411.708              0       -2864.32        13.7209         -20722       -200.614       0.962591       -1451.37        373.243
      311.286        398.233              0        6703.05       -288.734       -18904.9        469.479       -20.2244       -1324.11        569.972
      274.943       -664.021              0        230.319        1581.09        6378.63        16.1327        110.741        446.749        1074.81
      158.339       -681.008              0        11.1336       -82.7224        13984.9       0.782771       -5.78975        979.515        396.798
      243.011       -705.474              0       -24.4766        119.678        4476.09       -1.71401        8.38141        313.502        1269.51
     -379.212       -780.109              0        3.67683       -3.89029         195.09       0.257638      -0.272544        13.6641        2241.17
      99.1249       -694.995              0       -42.5294        223.041        13226.6       -2.97812        15.6221        926.386        742.528
      132.985       -719.204              0       -5.24773       -19.3148        7049.91      -0.367063       -1.35205        493.775        1017.89
      417.886        760.411              0       -9.11195        8.04675       -292.831      -0.638234       0.563362       -20.5095        1994.85
      376.945        591.783              0       -59.8547        20.5946       -3262.01       -4.19239        1.44248       -228.472        2066.78
     -274.591       -665.347              0       -338.564        1736.12        6120.54       -23.7135        121.596        428.682        1158.46
     -245.667       -712.126              0       -17.1687        125.222        4044.64       -1.20335        8.76987        283.283        1542.14
      332.205        659.084              0       -158.529       -120.089       -3963.58       -11.1032       -8.41124       -277.607        1626.38
      353.934       -65.9975              0       -87.8694        62.7249        2662.39       -6.15468        4.39329        186.473        833.592
     -22.7825       -696.803              0         54.111        36.6093        14345.1         3.7904          2.561        1004.75        926.873
      -70.275       -660.814              0        367.433       -6985.02        48346.3        25.7299       -489.229        3386.19        196.232
     -80.2615       -689.195              0       -40.3813       -39.8646        16040.7       -2.82631       -2.79223        1123.49         247.54
     -94.2158        775.096              0       -24.9664        78.2827       -1900.58       -1.74931        5.48338       -133.117        2478.45
      311.321        505.118              0        5312.94       -205.378       -17231.1        372.116       -14.3841       -1206.86        995.867
      330.698        532.452              0       -1726.63       -32.0721       -10632.4       -120.933       -2.24522       -744.687        1411.67
      399.138       -543.179              0        9.99126        34.0145        2882.95       0.699693         2.3825         201.92        3195.81
      337.202       -595.838              0        1053.14        198.931        6784.35        73.7609        13.9334        475.176         1907.5
      317.403        -563.51              0        -3730.1       -99.4808          10903       -261.259        -6.9671        763.648        1532.11
      471.098        670.892              0        1.04273        6.86123       -316.217      0.0729667       0.480907       -22.1478         3694.9
      340.247        58.2606              0       -872.544        2.88653       -3992.87       -61.1129       0.202575       -279.661        1971.64
      314.021         139.88              0        3941.74       -87.2107       -13243.3        276.078       -6.10996        -927.56        690.849
      314.021        159.588              0        4083.47        49.5253       -15031.8        286.004        3.46809       -1052.84        552.623
      397.234       -451.053              0        31.6232       -15.3061        4050.84        2.21489       -1.07145        283.722        3406.57
      329.308       -414.103              0        2139.29        34.4445        13818.4        149.834        2.41448         967.85        1621.84
      316.167        -370.58              0       -4296.75        82.8758        18160.5       -300.945        5.80064        1271.95        592.203
      359.919       -345.926              0         41.351        28.9046        7522.19        2.89977        2.02669         526.85        1492.99
      475.159        323.151              0        23.6787        11.0109       -754.716        1.65831       0.771026       -52.8599        3377.39
      455.419        282.477              0        24.8934        12.6812       -1420.43        1.74342       0.888205       -99.4857        2776.88
      417.021        291.342              0        12.6243       -31.2008        -2941.8       0.884058       -2.18584       -206.042        1954.16
       455.41        -258.55              0       -6.66378       -6.76861        1333.88       -0.46672      -0.474424        93.4258        2729.84
      357.177       -291.561              0        69.3388        -15.387        7872.51        4.85567       -1.07843        551.403        1772.77
       313.04       -165.967              0       -5202.16        171.594        15946.9       -364.359        12.0166        1116.93        380.796
      338.714         595.62              0       -1399.04        -137.13       -6787.01       -97.9884       -9.60497       -475.361         2120.6
      319.337        625.732              0        1686.54        -291.89       -5763.15        118.124       -20.4443       -403.648        1609.85
      394.247        105.686              0        57.1407       -38.7369       -2173.08        4.00241       -2.71323       -152.203        3642.46
     -411.863        764.591              0        9.75793        5.74044       -316.922       0.683656       0.402292       -22.1981        1708.02
      478.173       -749.614              0        6.77378        8.23503        98.8504       0.474437       0.576807         6.9233        2921.92
       339.58       -2.37511              0        -5.4429       -33.3333        102.376        -0.3814       -2.33482        7.17163         1714.9
       319.95        28.8349              0        1127.94        79.4324       -2561.37        79.0011        5.56354       -179.398        1764.74
      344.407        184.755              0       -52.0888        25.7328       -7891.14        -3.6461        1.80373       -552.709        858.409
      401.166        214.981              0       -21.6083       -6.13696       -3429.38       -1.51379      -0.429719        -240.19        1790.44
      443.093        201.197              0        16.2216        -52.369       -1586.11        1.13583       -3.66772       -111.089        3549.11
       304.75        342.335              0        5965.27       -188.424       -27448.2        417.798       -13.1978       -1922.46        215.602
      311.097        354.214              0       -3203.67        281.223       -27834.7       -224.381        19.6951       -1949.53        209.171
      440.583        542.789              0        16.5225        23.6707       -1510.15        1.15724        1.65814       -105.772        3564.89
      445.577        459.899              0       -6.01063       -15.7096       -1607.77      -0.421172       -1.10037       -112.609        3248.53
      393.046        460.191              0        4.03936      -0.276275       -4071.38       0.282968     -0.0190796       -285.159        3168.18
      361.142        486.823              0        161.463       -9.35086       -6464.12        11.3081      -0.655434       -452.745        1664.52
     -45.8359        693.158              0       -4.21328        103.733       -15288.2      -0.296042        7.26371       -1070.77        413.491
     -69.6455         675.49              0       -94.7205      -0.095489       -23691.6       -6.63241    -0.00511378       -1659.31        349.357
     -447.781       -708.689              0      -0.741229        5.86258        449.321     -0.0519819       0.410403        31.4704        2720.86
      276.705        768.722              0       -6.56605        10.2145       -929.582      -0.459978       0.715609       -65.1087        1692.09
      309.593        783.672              0       -5.44069        7.03215       -353.794      -0.380895       0.492602         -24.78        1744.03
      278.876         737.06              0         22.904        8.81284       -2033.74        1.60436       0.617103       -142.444        1757.92
     -308.433        679.706              0          142.9       -74.6398       -4120.19        10.0079       -5.22727       -288.579        1606.58
     -377.254        781.258              0      -0.490322       0.346545       -210.866     -0.0344611      0.0243174       -14.7693        2139.06
      -342.19        765.028              0      -0.670765        3.99226       -610.524     -0.0469631       0.279775        -42.762         1766.7
     -449.897       -780.716              0        6.99403    -0.00657058         105.27       0.489637    -0.00018464        7.37391        2394.39
      189.213        700.556              0        26.9815        160.442        -7592.5        1.89001        11.2391       -531.782        1712.92
      137.333        720.887              0       -43.7093       -45.8452       -6692.61       -3.06168       -3.21169        -468.75        1323.66
       163.74        703.671              0        40.6264        66.6601       -8530.82        2.84542        4.66843       -597.502         414.64
     -199.161        758.669              0       -22.7598        61.6068       -1962.43       -1.59408        4.31446       -137.447        2422.07
     -182.998         711.46              0        74.5228        3.61661        -6570.5        5.21934       0.253667       -460.195         802.14
     -206.241        690.994              0        55.7221       -37.4709       -8114.49        3.90349       -2.62094       -568.345        728.412
      48.9178        681.394              0       -113.415        149.579         -19719       -7.94333        10.4748       -1381.11        230.381
     -1.50716        722.593              0        22.7881        66.5063       -8705.92        1.59562        4.65889        -609.76        766.038
      33.6817        687.573              0        112.555         244.75       -17043.2        7.88322        17.1419        -1193.7         177.69
     -385.946       -65.5382              0         49.286       -24.6563        1841.42        3.45163       -1.72662        128.971        1903.63
     -473.173        41.1368              0       -17.2287       -22.7224        -200.87       -1.20668       -1.59157       -14.0686        3637.83
     -451.039        86.2827              0        20.2572       -22.3629       -627.175        1.41865       -1.56619       -43.9268        3177.06
     -395.971        88.2098              0        105.929         9.5306       -2140.59        7.41917       0.667343       -149.928        3979.25
     -331.461        529.967              0        1602.87        103.784       -10362.3        112.263        7.27162       -725.791        1043.14
     -444.327        526.661              0        -24.194        10.0997       -1447.54       -1.69457       0.707241       -101.385        4145.67
     -394.729        531.081              0       -27.2796        13.3297       -3410.23       -1.91032       0.932944       -238.852        3609.69
     -337.976         586.54              0        1025.63       -92.1153        -7114.2        71.8362       -6.45169       -498.276        2020.71
     -317.069        559.167              0       -2945.92       -23.3084       -10631.3       -206.331       -1.62975       -744.618         1486.1
     -320.551        341.862              0        2803.59       -55.7362         -18374        196.363       -3.90632       -1286.92        671.205
     -402.278        357.611              0       -63.1191       -4.46647       -3884.56       -4.41983      -0.312537       -272.077        1495.47
     -443.149        357.475              0        -34.638       -23.7224          -1958       -2.42616       -1.66166       -137.141        3407.68
     -323.496         417.16              0        2639.19        63.0951         -15444        184.848        4.41868       -1081.68        694.175
     -306.855        368.522              0       -6652.54       -2.76791       -22546.5       -465.945      -0.191944       -1579.15        283.519
     -307.013        312.256              0       -5197.48        16.1665         -18857       -364.032        1.13244       -1320.73        315.168
     -316.147        298.534              0        2536.77        247.745       -17341.6        177.675        17.3529       -1214.59        333.981
      103.037       -792.267              0       -2.47925        8.84924        528.627      -0.173382       0.619224        37.0242        777.113
     -305.739       -214.158              0        5241.56       -14.1178        24026.8        367.116      -0.989262        1682.84        514.159
     -313.585       -237.037              0       -2848.26       -73.8506        22971.9       -199.491       -5.17258        1608.96        256.074
     -325.087       -174.069              0       -2164.49       -266.883        13484.4       -151.601        -18.693        944.448         1273.7
     -376.194       -236.255              0        96.6438        23.3699        5351.54        6.77103        1.63554        374.821        2386.27
      -318.99        115.221              0        1951.41        325.956       -13248.6        136.676        22.8306       -927.926        636.604
     -455.078       -284.488              0        28.9231        2.57864        1438.72         2.0258       0.180445        100.769        3258.71
     -397.129       -264.668              0        36.5728         12.751        3938.12        2.56103       0.892411        275.825        1507.42
     -470.567       -150.216              0        3.81184       -26.7606        537.659       0.266834       -1.87424        37.6571        3984.27
     -325.857        56.9937              0        573.607       -258.197       -5209.89        40.1754       -18.0851       -364.894        1323.07
     -314.258        26.3042              0       -672.732        118.698       -2429.83       -47.1172        8.31493        -170.18         1268.8
     -375.868        9.80343              0        18.2517       -9.93725       -290.838        1.27828      -0.696194       -20.3695        2503.52
     -401.409       -109.668              0        43.8737        14.2001        2145.15          3.074       0.994028        150.245        3416.76
     -368.953       -132.466              0       -68.0898       -51.5798         4142.5       -4.76901        -3.6134        290.143        2194.24
     -394.346       -204.747              0       -26.6124         10.126        3852.56       -1.86399       0.710655        269.831        2918.81
     -362.321       -170.615              0        9.76629       -27.0404        5569.03       0.683707       -1.89226        390.059        2477.82
     -320.524       -483.481              0       -2161.51        263.006        16896.6       -151.389        18.4159        1183.45        433.465
     -313.129       -512.871              0        4780.39        20.8693        16994.9        334.817        1.46455        1190.35        728.689
     -318.573       -565.129              0        2729.09       -85.8611        10397.7        191.146       -6.01394        728.252        1620.17
      -376.57       -527.954              0        84.4925       -14.2754        4665.17         5.9169      -0.999549        326.747        2817.89
     -383.801       -402.438              0         25.442        3.81404        5035.59        1.78189       0.268268        352.686        1006.07
      -388.13       -344.001              0       -1.13193       -16.3689        4869.68     -0.0801254       -1.14562         341.07        2053.64
      -445.29       -627.501              0        11.8492        2.71695         872.37       0.830253        0.19024        61.1031        3587.97
     -470.292       -670.658              0        1.14235        11.2202        302.206      0.0799861       0.786331        21.1669        3787.34
     -319.058       -623.164              0        1891.37       -158.698        5614.72        132.471       -11.1156        393.251        1583.28
     -397.681       -626.442              0        33.9546          15.86        1935.21        2.37784         1.1108        135.544        2668.82
      310.663        716.862              0        15.1805         13.838       -2136.24        1.06346       0.969174       -149.622        1615.73
      136.419       -770.401              0       -49.5832        29.2581        1785.71       -3.47276         2.0488         125.07        1105.88
      375.289       -662.699              0       -8.27866        10.3481        1913.82      -0.580582       0.724572        134.044        2038.82
      75.5823       -692.983              0       -17.0163        145.844        14829.8       -1.19148        10.2152        1038.67         814.38
      197.749       -757.333              0       -21.7111       -2.94657        2037.12       -1.52054      -0.206464        142.679        1959.17
      178.379       -692.858              0        66.2345        115.403        8812.45        4.64197        8.08311         617.22        355.602
      210.507       -686.684              0       -64.9255       -60.8481        8303.35       -4.54937       -4.26157        581.575        379.021
     -152.252       -691.423              0       -65.0619       -64.8928        11727.9       -4.55684        -4.5444        821.424         954.21
     -250.448       -677.415              0        55.3734       -1059.88        8517.33        3.88188       -74.2313         596.56        950.959
     -132.959       -749.814              0       -1.33045        69.0667        3660.67     -0.0932522        4.83557        256.382        1919.15
     -198.317       -757.147              0        12.7116        12.4372        2340.16       0.890497       0.870154        163.898        2398.21
     -206.672       -719.215              0        75.6516        116.148        4823.31        5.29872        8.13398        337.816        2513.75
     -186.164       -692.948              0        20.9967        42.9141        9198.28        1.47138        3.01013        644.246        1219.01
      55.5218       -709.722              0        12.7988        66.9711        10445.1       0.895944        4.69001        731.578        1554.58
     -4.59119       -748.788              0        4.37873        59.3385        4855.53       0.307278        4.15688        340.075        2315.41
     -377.026        -703.04              0          9.671       -7.35217        1251.74       0.677309      -0.514985         87.672        1955.04
      345.044       -753.617              0        5.50881       -8.69475        755.545       0.385842      -0.609039        52.9181        2503.69
     -36.1015       -652.978              0        827.559        17868.6        68703.3        57.9668        1251.51        4812.01        96.7443
     -1.75601       -712.918              0       -3.77437        153.434          10124      -0.265782          10.75        709.096        988.196
      26.7336       -699.957              0       -67.0343         117.45        13601.1       -4.69648        8.23062        952.637         816.81
      310.444       -702.928              0       -11.5214        13.9663         2623.6      -0.806874       0.978624        183.758        1409.32
      306.514       -676.069              0        81.4558       -74.5318        4171.18        5.70695       -5.22063        292.148        1352.11
     -304.629       -712.905              0        35.9622       -4.68713        2281.76        2.51858      -0.327764        159.814        1629.09
     -339.364       -727.668              0        10.9172        -13.849        1360.37       0.764601      -0.970073        95.2805         1785.8
      378.853        701.338              0       -2.07971        11.1491       -1256.11       -0.14548       0.780931       -87.9773        2102.75
       369.97        666.521              0      -0.728296       -20.1559       -1947.75     -0.0512182       -1.41161        -136.42         2094.3
     -455.209        712.538              0        9.86124       -10.4172       -330.294       0.690631      -0.729538       -23.1358        2480.99
     -337.445        655.092              0        50.8282       -116.256       -3742.23        3.56061       -8.14292       -262.106        2303.45
     -378.409        664.089              0       -62.7157         22.069       -1795.19       -4.39229        1.54583       -125.737        2803.88
     -383.458        706.175              0       -1.53567        -7.5043       -1129.68      -0.107479      -0.525728        -79.124        1979.42
     -407.216       -717.783              0      -0.181908       -7.48799        716.912     -0.0127116      -0.524482        50.2125        1910.55
      456.332        781.363              0        7.01569        6.52039       -74.7841       0.491146       0.456774       -5.23861        2313.06
      483.912        752.295              0        3.79066        2.95883       -70.9955       0.265512       0.207073       -4.97309        2104.36
      413.726        -712.92              0       -1.90193       -9.16014        656.659       -0.13326      -0.641612        45.9917        1671.14
      452.461       -706.413              0        5.47392        3.85965        390.706       0.383368       0.270444        27.3646        2375.48
      76.3001       -654.767              0        326.077        17715.2        54715.4         22.836        1240.76        3832.27        139.499
      35.6417       -654.481              0       -747.803        21488.1        60363.7       -52.3788        1505.03        4227.87        170.418
     -12.9853       -654.229              0        301.608        18467.3        66419.3        21.1248        1293.45        4651.98        134.197
     -57.0599       -653.608              0       -466.114        18098.8        61889.6       -32.6473        1267.64        4334.75        126.947
     -29.9746        657.114              0        788.397       -7547.75       -63382.4        55.2087       -528.649       -4439.27        84.2829
      12.4369        657.375              0        983.476       -6490.04         -57381        68.8843       -454.565       -4018.99        60.8889
      56.2894        652.668              0        124.558        20670.1       -66742.7         8.7227        1447.74       -4674.66        97.4146
      118.727       -669.369              0        213.733        340.608          24893        14.9712        23.8572        1743.51        279.428
      143.367       -654.802              0       -17.7563        8137.21        37175.8       -1.24187        569.929        2603.78        203.032
      81.8385       -663.699              0       -164.481       -6662.17        41024.7       -11.5232       -466.618        2873.36        154.661
      69.0381       -673.854              0        18.8162        83.9538        24184.7        1.32021        5.88146        1693.89        240.518
       52.076       -668.493              0       -87.6245       -50.0903        31778.1       -6.13525       -3.50912        2225.71        71.6151
      60.2974       -668.693              0       -81.8746        160.464        29935.5       -5.73179        11.2397        2096.68        167.379
     -3.39242       -658.746              0        688.133        -6720.6        60672.4         48.203       -470.708        4249.49        129.185
      27.7493       -680.872              0        154.317        3.49283        21901.3        10.8113       0.243596        1533.99        350.718
      37.4769       -671.223              0       -2.95651        140.096          29262      -0.212316        9.80822        2049.53         118.54
      44.9018       -669.204              0        76.2065       -52.3357        31565.9        5.33425       -3.67083        2210.85         108.08
    -0.291909       -672.877              0        -56.193         746.17        30140.5       -3.93512        52.2616        2111.02        281.203
     -15.1764       -677.915              0        24.6913       -16.7459        23768.4        1.72651       -1.17869        1664.73         542.49
     -28.2809       -667.563              0       -51.1426        379.964        32143.6        -3.5886        26.6115        2251.33        161.384
     -37.1252       -666.312              0       -138.922       -737.899        34969.9        -9.7347       -51.6724        2449.32        81.6539
     -70.1294       -678.223              0       -236.929        291.631        22804.4       -16.5971        20.4284        1597.23        491.318
     -45.8622       -666.141              0        212.014       -37.7755        35379.5        14.8527       -2.64395        2478.01        176.572
     -45.4066        668.151              0         185.84         9.6333       -30944.1         13.016       0.681229       -2167.28        172.371
     -54.2297        678.504              0        88.4231       -6.48161       -22474.9         6.1931      -0.456187       -1574.11        294.893
     -35.8434        667.355              0       -321.638        224.331       -32958.7       -22.5257        15.7135        -2308.4        136.131
     -7.83512        684.497              0       -46.4328        40.3009       -19680.9       -3.24901        2.81903       -1378.46        341.298
     -2.33125        666.932              0        30.5742        142.525       -33856.9        2.13757        9.98303       -2371.36        138.878
     -10.3866        670.931              0         270.75         258.25       -28528.7         18.966        18.0905       -1998.16        167.125
      6.18654        666.833              0       -56.3543       -173.486       -34784.5       -3.94264       -12.1544       -2436.35        87.3137
      18.3059        672.198              0       -46.6577        -240.73         -29219       -3.26381       -16.8544       -2046.52        285.529
      61.2727        690.251              0        38.4701       -19.8466       -16125.5        2.69761       -1.39158       -1129.42        441.342
      66.3156        662.875              0       -34.2594        -283.25       -38278.6        -2.4006       -19.8409       -2681.02        150.284
      101.296        681.211              0       -38.7334        213.861         -18082       -2.71632        14.9785       -1266.46        816.778
      78.7073        681.154              0        124.319        124.406       -19804.5        8.70879        8.71445       -1387.09        452.824
      118.662        667.124              0       -58.9849        175.395         -27559        -4.1303        12.2849       -1930.24         235.64
      139.432        661.813              0        369.167       -3266.44       -30836.6        25.8578       -228.782       -2159.79        225.397
     -313.129       -493.349              0        5356.85       -199.273        17981.5        375.191       -13.9616        1259.44        424.665
     -306.128       -431.351              0        9106.79       -426.155        23252.7         637.84       -29.8487        1628.62        280.965
     -305.626       -368.371              0        7206.48       -556.665        25227.1         504.74       -38.9906         1766.9        199.731
     -305.808       -315.102              0        7728.13        386.997        24914.4        541.281         27.108        1745.01        291.938
     -307.845       -254.018              0        7476.18        575.942        22840.4         523.63        40.3376        1599.75        420.162
     -312.066        217.429              0       -4945.21        175.199         -17635       -346.362        12.2709       -1235.15        468.182
     -309.133        283.587              0       -7202.54        293.352       -20315.2       -504.466        20.5477       -1422.88        398.245
     -306.855        349.263              0       -5446.12        12.5541         -22616       -381.445       0.882101       -1584.03        310.551
     -306.628        399.814              0       -6002.95        93.4218       -19758.1       -420.446        6.54257       -1383.85         322.84
      164.042       -655.019              0        356.082         8135.8        30326.1        24.9455        569.829        2124.07        139.589
      123.354       -654.728              0        380.393        12388.6        42253.1        26.6416        867.696        2959.42        116.077
     -104.494       -655.353              0        369.264          19052        47059.8        25.8672         1334.4        3296.08        207.627
     -143.895       -653.533              0       -458.327        12992.7        46296.6       -32.1017        910.018        3242.62        151.644
     -183.563       -658.444              0        148.442        7197.44        24606.1        10.3956        504.105        1723.42        358.336
      306.533        430.047              0        6324.19       -76.0479       -23634.6        442.938       -5.32509       -1655.36         280.32
      306.347        368.926              0         6713.6        559.287       -25873.3        470.215        39.1726       -1812.16        249.316
      311.823        317.888              0        8356.54       -864.287       -20684.4        585.289       -60.5352       -1448.75        528.217
       306.18        251.112              0        7303.79       -318.795       -24663.9        511.551        -22.326       -1727.44        300.483
      310.302        201.575              0        5306.87        1.62874       -20114.8         371.69       0.116001       -1408.86        485.714
      321.651        120.568              0       -1735.78       -86.9171       -10397.9       -121.573       -6.08872       -728.265        851.598
       320.24        -177.12              0        2691.89        231.419        15127.3        188.541        16.2086        1059.52        380.845
      312.173       -219.652              0       -4896.03        153.158        17496.8       -342.917        10.7286        1225.48        590.932
      307.114       -284.283              0       -5274.98       -99.6301        22713.6       -369.459       -6.97958        1590.85        315.447
      311.787       -336.738              0       -5740.92        116.503        19652.7       -402.097        8.16147        1376.46        437.393
      316.167        -390.62              0       -8122.22        278.108        18782.9       -568.877        19.4757        1315.56        865.724
     -164.231        654.076              0       -511.574          11533         -37664       -35.8303         807.76       -2637.95        102.483
     -119.273         654.72              0        1160.15        14317.4       -40103.2        81.2578        1002.79       -2808.84        124.042
     -73.5945        652.246              0        202.064          16689       -56044.5        14.1616        1168.89       -3925.39        52.8354
      98.2997        655.312              0       -1280.68        16201.3         -49389       -89.6993        1134.73        -3459.2        191.907
      136.837        653.699              0        38.7138        7149.86       -39707.5        2.71206        500.772        -2781.1        170.088
       183.04        659.654              0       -198.233        7967.31       -21487.7       -13.8863        558.027          -1505        416.041
     -322.455       -453.477              0       -2827.02       -516.371        17662.4       -198.005       -36.1666        1237.09        553.342
     -335.584       -471.316              0         23.345       -125.924        10511.9        1.63647       -8.81862        736.269        622.338
     -321.188       -438.945              0       -1470.07        391.682        19420.1       -102.966        27.4318         1360.2        446.291
     -331.215       -410.822              0       -25.8548        2.09991        12527.8       -1.81159       0.147348        877.457         545.29
     -317.094       -388.721              0       -3516.68       -37.4233        22194.3       -246.308       -2.62091        1554.49        324.176
     -336.885        -396.28              0        34.2017       -66.5098        11491.9        2.39622       -4.65937        804.901        440.291
     -313.135       -329.852              0       -2284.05       -221.612        23901.7        -159.97       -15.5223        1674.06        301.335
     -336.663       -348.524              0       -35.3947      -0.337601        11617.2       -2.48076     -0.0240303        813.655         761.11
     -317.425       -376.271              0       -3522.75        8.63942          22367       -246.732       0.604266        1566.59        336.829
     -324.752       -363.176              0       -21.6729        24.8503        15163.4       -1.51739        1.74012        1062.03        236.254
     -330.673       -325.536              0       -103.328        -31.405        13842.9       -7.23996        -2.1977         969.54        508.026
     -330.894       -307.043              0        130.111       -6.09372        13242.8        9.11249      -0.424689        927.533        470.081
     -344.168       -290.348              0       -14.1954       -17.0414        9737.03       -0.99211         -1.192        681.989        913.396
     -315.393       -270.248              0       -1723.02        299.844        19975.1       -120.682        21.0014        1399.07        456.144
     -334.475       -266.493              0       -55.6368        1.77376          11701       -3.89552       0.124518        819.555        677.352
     -340.196       -238.806              0         48.934       -10.6878        9455.41        3.43015      -0.750961        662.267        855.831
     -319.009       -202.702              0       -2235.21       -112.649        18664.7       -156.554       -7.89045        1307.27        667.109
     -326.854        -225.58              0        223.416        60.7091        12553.1        15.6474        4.25233        879.228        333.223
     -317.782        157.855              0        1949.07        273.837         -14738        136.513        19.1782       -1032.24        423.468
      -340.26        126.241              0        102.213        41.4892       -6327.33        7.16024        2.90701       -443.157        1052.02
     -343.727        171.274              0       -15.2918       -40.3163       -7525.04       -1.07178        -2.8251       -527.057        755.188
     -339.052        148.985              0       -8.21358        -54.005       -7486.82      -0.574871       -3.78449       -524.372        393.215
     -324.652        271.906              0        3116.96        77.4162       -17727.8        218.311        5.42314       -1241.66        497.646
     -338.349        294.249              0       -171.801       -6.54079       -9975.13       -12.0332      -0.456999       -698.651        634.068
      -320.71        324.909              0        2689.77       -24.9043       -17353.1        188.391       -1.74557       -1215.39        375.591
     -329.843        311.187              0        -107.32       -51.0318         -12662       -7.51596       -3.57398        -886.83        341.004
     -335.671         359.85              0        132.372        20.5932       -11394.6        9.27382        1.44482       -798.092        532.963
     -321.974        376.443              0         2812.6        283.488       -19116.8        196.996        19.8583       -1338.93        439.447
     -338.616        405.066              0         18.182       -3.11883       -10628.2        1.27495      -0.218789       -744.391        754.757
     -321.748         387.72              0        2729.18        210.164       -17730.9        191.151        14.7192       -1241.86        326.494
     -324.539        435.344              0        2125.62       -255.053       -15338.9        148.878       -17.8657       -1074.33        655.486
      -338.93        464.884              0       -45.0133        28.3434       -9825.68       -3.15188        1.98405       -688.192        896.118
      193.708       -683.246              0        114.024        98.6095        10049.8        7.98995        6.90896          703.9        533.703
      228.589        -668.99              0       -45.9887       -1274.96        11898.9       -3.22055       -89.3004        833.386        463.082
       170.29       -663.835              0       -36.4727       -3603.46        25070.8       -2.55741       -252.382           1756        200.811
      139.654        -684.36              0       -3.99993       -71.8455        14247.3      -0.281606       -5.03203        997.876        520.726
      141.483       -671.988              0       -53.4106        265.873        19678.9       -3.74281        18.6219        1378.31        177.284
      131.224       -671.697              0        -134.88        132.246        20807.3       -9.44672        9.26097        1457.34        173.853
      92.9427       -661.405              0        508.917       -4834.49          47622        35.6412        -338.61        3335.43        281.695
      103.685       -673.572              0       -11.5524        26.3365        22110.4      -0.807209         1.8429        1548.61          452.4
     -122.803       -665.896              0        106.027       -4887.69        31053.7         7.4249       -342.335        2174.99        210.547
     -108.055       -673.102              0        113.767       -269.649          22609        7.96826       -18.8782        1583.54        262.798
     -148.463       -672.521              0       -35.0016        291.139        19028.4       -2.45177        20.3888        1332.75        441.808
     -133.414       -664.076              0       -1036.04       -2983.59        34846.1       -72.5661       -208.969        2440.62        285.181
      318.137        458.989              0       -3173.96        25.2717       -20055.8       -222.304        1.77109        -1404.7        521.764
      329.458        477.162              0        246.088       -110.674       -11582.4        17.2369       -7.75307       -811.229        613.165
      320.668        442.638              0       -3305.66       -5.14515         -19242       -231.528      -0.360061        -1347.7        553.058
      331.954        424.299              0         125.54        62.2023       -11766.5        8.79436        4.35726       -824.121        599.356
      317.633        380.073              0       -2193.17       -12.7481       -20885.8       -153.607      -0.892661       -1462.84        421.386
      329.456         360.93              0         169.15       -32.9827       -13238.4        11.8496        -2.3103        -927.22        501.845
      316.573        331.921              0       -3173.35       -476.258       -24221.2       -222.259       -33.3549       -1696.46        225.356
       322.92          343.8              0       -50.5083        -62.592       -16788.3       -3.53815       -4.38351       -1175.86        279.288
      354.722        283.439              0       -66.1037       -18.1451       -7759.95       -4.63022       -1.27269       -543.509        918.111
      315.051        267.326              0       -2436.41        514.822         -22900       -170.649        36.0561       -1603.89        502.675
      334.065        240.746              0       -73.9519        29.3086       -11530.7       -5.17878        2.05334       -807.608         591.64
      332.633        264.384              0       -88.8198        73.5335       -12472.7       -6.22258        5.15119       -873.582        659.154
      327.926        81.5553              0       -949.663        22.4171       -6845.02       -66.5144        1.57038       -479.425        697.627
      341.947        110.663              0       -8.38527       -19.3412       -5860.45      -0.587958       -1.35465       -410.464        1058.88
      319.373       -204.433              0        2800.68        158.549        15628.3        196.159        11.1051        1094.61        431.147
      332.413       -192.028              0        24.8351        2.30002        10067.3        1.73815       0.161662        705.117        447.698
      317.484       -260.131              0        2327.85        1.06155        19098.3        163.043      0.0743496        1337.64        387.326
      329.657       -245.023              0       -128.035         14.522          12327       -8.96725        1.01727         863.38        473.287
      319.057        -275.47              0        2325.95        69.7619        18536.5         162.91        4.88586        1298.29        429.704
      330.844       -294.798              0       -128.097       -5.17642        12230.8       -8.97095      -0.363248        856.651        392.127
     -174.785         664.87              0       -1617.93       -2245.22       -27994.4       -113.318       -157.258       -1960.72        223.773
     -166.785        670.396              0       -129.288        341.222       -18771.6       -9.05673        23.8958       -1314.78        209.531
     -136.593        665.607              0        151.134       -5532.06       -30222.1        10.5896       -387.467       -2116.73        268.728
     -156.107        676.402              0        53.6423       -41.3655       -15836.8        3.75919       -2.89873       -1109.22        394.069
     -126.251        664.801              0       -562.507       -5176.95       -35193.9        -39.408       -362.593       -2464.97        196.329
     -111.997        672.029              0       -69.0121       -38.3737       -24087.8       -4.83934       -2.69564       -1687.12        308.027
     -90.6418        661.259              0        81.1067       -5879.97       -45008.6        5.66317       -411.819       -3152.57        199.077
     -102.228        665.979              0        153.335       -195.279       -30546.8        10.7287       -13.6508       -2139.54        86.9594
     -79.9497        659.473              0       -624.385       -6595.81         -48381       -43.7165        -461.96       -3388.68         139.61
     -71.0782        664.302              0        -95.265       -216.621       -34471.9       -6.66188       -15.1587       -2414.41        169.437
      26.8433        666.172              0        17.3344       -19.6037       -35012.8         1.2128       -1.37253        -2452.3        149.714
      37.2742         662.36              0        289.818       -6569.66       -41623.5        20.2988       -460.138       -2915.32        158.951
      85.9757        657.461              0       -915.684       -3387.14       -52170.6       -64.1344       -237.236       -3654.02         122.59
      78.5952        665.518              0        17.3093       -157.617       -32418.3          1.213        -11.037       -2270.58        212.859
      447.675       -330.909              0       -8.89038        9.23405        1703.32      -0.622702       0.647595        119.295        2563.05
      414.455       -305.913              0        9.72485        5.42326        3048.52       0.678666        0.38065        213.519        1342.48
     -63.6627       -739.636              0       -9.64166       -22.1116        5421.26      -0.676266        -1.5491        379.707        1613.92
     -28.4705       -762.257              0       -2.71454        3.80475        3303.61        -0.1912       0.265567        231.379        1291.51
      55.5976       -734.565              0        15.5086        31.4549        6192.49        1.08604        2.20341        433.722        1040.33
      23.9742       -760.669              0        10.8201        36.2404        3539.71       0.758951         2.5377        247.918        1262.02
      84.4695       -751.161              0       -7.93961        11.5171        4050.99      -0.556547       0.807514        283.728        1515.26
      123.423       -744.297              0       -5.27517         5.2679        4195.25      -0.369193       0.369018        293.832        1879.83
     -380.561       -448.371              0       -23.0231       -14.6368        4977.85       -1.61363       -1.02551        348.647        1515.83
     -355.704       -473.806              0        186.701       0.147146        6731.63        13.0773      0.0108259        471.484        1249.33
      422.191       -263.871              0       -28.8245        5.99048        2620.51       -2.01837       0.419633         183.54         1794.2
       385.32       -238.041              0         62.933        15.8833        4762.83        4.40876        1.11275        333.587        2818.63
      352.624         234.57              0        144.017        45.7299       -7842.45        10.0891         3.2023       -549.281        887.352
      355.125        210.736              0        71.8786       -25.7581       -7341.01        5.03596       -1.80248       -514.167        697.454
      370.276        246.029              0        128.161        65.3606        -5693.7        8.97706        4.57839        -398.78        439.473
      373.805         271.26              0       0.247977       -13.2274       -5478.08      0.0179282      -0.927469        -383.68        798.854
      -340.98        -424.31              0        132.184       -93.6638        10475.5        9.25865       -6.55898        733.712        591.396
     -408.578        -379.59              0        35.0409        2.71234        3432.93        2.45383       0.190687        240.438        2109.96
      156.762       -711.656              0        18.6598       -20.0429        7485.18         1.3068       -1.40362        524.265        454.363
      195.919       -725.027              0         9.0574        15.6705        4498.47       0.634191        1.09691        315.071         1007.6
      175.181       -712.177              0        31.0971       -14.0293        6407.03        2.17739      -0.983299        448.748        521.834
      215.916       -709.146              0       -43.0343       -3.58105        5356.25       -3.01503      -0.248737        375.153        804.394
     -354.612        357.774              0       -62.1619        38.5428       -8222.54       -4.35762          2.699       -575.923        786.301
     -377.223         378.69              0       -88.2478       -21.5304       -5622.55       -6.18246       -1.50617       -393.809         1016.2
      399.859       -79.1052              0        11.5797       -2.87097        1678.74       0.811086      -0.200966        117.578        2137.01
      385.879        -48.173              0        10.1596       -24.6297        1313.73       0.711607       -1.72516        92.0132        1489.69
     -396.311       -315.458              0        -22.401        3.21287        4201.58       -1.56873       0.224837         294.28        1628.31
     -422.616       -289.052              0       -24.5455        23.8785        2675.94       -1.71885        1.67215        187.424        1446.74
     -20.6067        713.858              0        -44.626        20.2404       -10570.8       -3.12598        1.41705       -740.381        298.509
      -47.574        721.478              0       -65.7524       -2.97531       -8174.81       -4.60596      -0.209197       -572.563        667.754
     -61.4055        708.013              0       -3.03699       -20.0494       -10769.1      -0.214081       -1.40475       -754.257        805.252
     -79.7974        695.756              0       -157.917        174.503       -14218.3       -11.0619        12.2163       -995.819        527.093
     -55.2815        654.829              0        172.488        12196.8         -53845        12.0786        854.258       -3771.29        177.244
     -35.0252         653.08              0       -477.369        17504.9       -64073.2       -33.4353        1226.04       -4487.64        93.8913
     -25.5243        697.201              0       -33.6128       -32.5072       -14500.5       -2.35603       -2.27459       -1015.62        377.165
      13.6615        709.931              0         17.259        68.9998       -11446.1        1.20891         4.8338       -801.684        575.758
      48.0261        710.414              0         16.433       -50.0302       -10848.9        1.15188       -3.50292        -759.86        775.356
      29.5925        706.863              0        35.9649       -13.8537       -12042.1        2.51879      -0.970607       -843.427        454.202
     -200.089        730.138              0       -26.0299        30.4503       -4013.22       -1.82252        2.13346       -281.086        922.272
     -223.333        709.672              0       -44.3438       -8.62906          -5289         -3.105       -0.60384       -370.448        1074.83
      51.7794       -658.338              0        478.419       -6940.41        48313.2        33.5113       -486.103        3383.82        61.0183
      44.6052       -659.049              0       -1732.06       -6126.07          51430       -121.318       -429.066        3602.13        88.0851
      13.3829       -675.235              0        21.2515        38.2444        26617.3        1.49617        2.67761        1864.28        304.429
      28.7297       -661.067              0        937.449       -6411.25        49653.4        65.6598       -449.043        3477.73        107.331
      363.605        171.318              0       -45.2019        56.4044       -5344.09       -3.16528        3.95009       -374.302        735.249
      374.323        197.299              0        78.7657        4.91332       -4966.35        5.51679       0.343866       -347.839        601.438
      396.624        320.932              0         10.406       -27.6818       -4223.96       0.728912        -1.9391       -295.846        698.473
      403.149        265.108              0      -0.204384        23.0409       -3583.94     -0.0146346        1.61369       -251.015        1454.81
     -107.049       -702.502              0        42.7891        55.5727        11120.5        2.99785        3.89326         778.87        825.296
     -87.7014       -709.368              0       -42.4046       -56.2629        10078.8       -2.96956       -3.93933         705.92        476.128
     -47.8282       -700.082              0       -26.6844        138.342        13097.6        -1.8657        9.68837         917.36        612.848
     -54.9864       -680.573              0        5.28617        16.3108        21600.3       0.373906         1.1456        1512.89        483.051
       159.96       -692.338              0       -43.3912        31.5347        10130.2       -3.03915        2.20706        709.514        276.913
      117.499       -703.237              0       -13.6951        1.20285          10269      -0.958954      0.0841404        719.235        544.767
      413.154        372.005              0       -16.8841        2.05072       -3135.65       -1.18246        0.14368       -219.622        1977.18
      396.459        342.251              0       -9.13156     -0.0822461        -4299.5       -0.63963    -0.00569509       -301.139        768.163
      357.611       -405.892              0       -149.427        10.1987        7117.56       -10.4674       0.714881        498.513         1419.7
      376.435       -368.346              0       -35.6681        4.33969        5785.24       -2.49776       0.303946        405.197        1051.14
      366.456        341.594              0       -13.8108       -11.1537        -6575.4      -0.968031       -0.78127       -460.541        719.621
      366.621        320.275              0       -15.1505       0.711015       -6562.53       -1.06155       0.050588       -459.639        692.591
       128.21        700.259              0       -40.1614        108.662       -10761.6       -2.81302        7.61058       -753.741        1037.51
      154.616        683.043              0       -2.60397        134.847       -13864.3      -0.182393         9.4444       -971.054         382.24
      6.26088        691.169              0       -153.257        235.021       -16785.4       -10.7306        16.4603       -1175.65        265.702
      21.0281        682.622              0        126.839        190.684       -20552.7        8.88457        13.3576       -1439.51        259.916
     -29.7623        671.838              0       -182.391         -130.3       -28169.4       -12.7782       -9.12781       -1972.98        117.383
      -20.916        665.507              0        120.257       -354.023       -34471.2        8.42562       -24.7795       -2414.39        75.6923
     -3.56693        657.474              0       -432.831       -5843.05       -53953.4       -30.3111       -409.246       -3778.92        84.3266
      8.51222        653.564              0       -1151.93        16232.5       -58747.2       -80.6773        1136.92       -4114.65        120.056
     -357.613       -387.851              0         70.409       -12.8715         7646.1        4.93307      -0.902965         535.53        566.932
      -355.36         -359.3              0       -53.6235        10.2047        7930.88       -3.75764        0.71408         555.47        1284.23
     -31.8336       -656.757              0       -569.168       -8008.46        60546.5       -39.8706       -560.897        4240.71        58.5552
     -47.7901       -656.586              0       -101.617       -7633.29          58315       -7.11004       -534.636        4084.39        83.4457
      54.0728        669.654              0        19.3774        124.088       -29769.9        1.35673        8.68889       -2085.07        233.204
      66.9021        654.818              0        -427.81       -5246.05       -62286.2       -29.9636       -367.433       -4362.51        63.1331
