       x [um]         y [um]         z [um]     ExRe [V/m]     EyRe [V/m]     EzRe [V/m]     ExIm [V/m]     EyIm [V/m]     EzIm [V/m]    Area [um^2]  
---------------------------------------------------------------------------------------------------------------------------------------------------------
      -13.905            326              0       -15.3566        979.956        2628.14    -0.00475203       0.301112       0.807298        567.201
      403.294            326              0       -49.5422        824.317        2033.37     -0.0153587       0.253507       0.624575        581.242
       427.79            336              0        109.016       -212.366        619.429      0.0334545     -0.0653089       0.190367        662.779
      141.805        329.936              0        165.284       -534.971        3959.02      0.0508758      -0.164422        1.21805         207.71
      323.693            326              0       -9.00215        1300.98        4519.02     -0.0027945       0.399921        1.38805        563.275
     -78.0257            336              0       -90.3251       -211.155       -571.313     -0.0277078      -0.064977      -0.175737        659.777
      212.865        339.487              0        10.6905        12.0492       -1438.46     0.00375526     0.00368319      -0.441405        418.207
      64.4011            326              0         39.651           1179       -4063.14      0.0120398       0.362755       -1.24856        560.211
      4.94069            336              0        74.2856        -413.88        -1350.2      0.0230787      -0.127415       -0.41356        637.411
     -94.2956            326              0        26.5395        344.493       -850.878     0.00827302       0.105997      -0.261544        590.796
      91.4615        340.475              0       -1.28902        10.9555        888.399   -0.000327964      0.0031897       0.272445        351.606
     -136.344            326              0         44.323         151.03       -541.015      0.0136203      0.0463636      -0.166362        614.512
      -121.08            336              0        16.6797       -96.7986       -299.231     0.00524477     -0.0298626     -0.0918135        686.879
      187.246        331.318              0        7.28977       -679.089       -3570.34     0.00193641      -0.208869       -1.09742        317.478
     -53.6866            326              0         28.376        707.966        1832.43     0.00873992       0.217771       0.563871        576.834
      -36.187            336              0       -62.9362       -189.508        1015.48     -0.0192623     -0.0582994       0.311945        646.133
       139.97        339.936              0        7.92194       -25.5915        1208.14     0.00244779    -0.00789032       0.371878        156.656
      284.531            326              0        4.09525         964.22        3660.37     0.00114642       0.296536        1.12562        559.773
      25.3492            326              0        63.5127        849.705       -3556.24      0.0193738       0.261255       -1.09194        561.831
      45.7081            336              0       -19.8824       -424.766        1575.49    -0.00620306      -0.130852       0.483716        635.292
       108.47        330.475              0        163.807       -413.197        3635.32      0.0505069      -0.127217        1.11597        274.767
      176.615        341.318              0        -41.287        60.7159       -870.537      -0.012599       0.018869      -0.266861        240.003
      257.324         339.56              0        14.2312       -1.12462        1220.38     0.00453843   -0.000121319       0.375431        412.729
      197.836        329.487              0       -145.199       -466.995       -4555.71     -0.0440762      -0.143651       -1.40097        165.348
      344.188            336              0        44.8732       -454.935        1560.73      0.0136485      -0.140037       0.480007        643.431
      240.462         329.56              0       -134.508       -298.038        3670.14     -0.0413293     -0.0915827        1.12907        294.423
      444.125            326              0       -21.8847        377.983        885.226     -0.0067882       0.116232       0.272232        593.388
      303.167            336              0         10.811       -378.723        1672.35     0.00336124      -0.116529       0.514252        639.236
      363.202            326              0        44.7885        911.958        2987.42      0.0138829       0.280106       0.919325        571.198
      385.662            336              0       -65.2473       -173.828        1035.44     -0.0199502     -0.0534079       0.318469        651.719
      471.005            336              0       -15.7133       -96.7001       -285.621    -0.00492426     -0.0297457     -0.0879817        688.542
      486.306            326              0       -45.5528        215.148       -524.839     -0.0140113      0.0659636      -0.161687        616.217
       165.74        321.318              0       -316.696        2007.17        7196.97     -0.0967484       0.616611        2.21517        96.6899
      163.462        331.318              0       -96.2301       -481.561        3007.51     -0.0289694      -0.148279       0.925724        216.227
      156.632            336              0        87.9801         -607.3        2070.51      0.0270512      -0.187199       0.637616        128.238
      120.198        329.936              0       -167.921       -421.016        3679.77     -0.0516602      -0.129664        1.13109        246.029
      149.877            326              0        32.4005        1524.16        4994.14     0.00990773       0.468828        1.53703        224.683
      178.133        321.318              0       -110.242        2110.06        7651.21     -0.0338897       0.648453         2.3513        199.878
      267.136         329.56              0        141.349       -278.269        3371.59       0.043261     -0.0856445        1.03601        293.988
      250.274         319.56              0        5.39729        2167.61        7158.13     0.00165287       0.666082        2.20003        199.157
      224.516        329.487              0        42.0699       -284.864       -4090.48      0.0126771     -0.0876644         -1.255        422.297
      209.487        319.487              0       -129.905        1966.54       -9310.29     -0.0398318       0.604428        -2.8589        194.756
      130.481        319.936              0       -16.7299        2188.78        7871.81    -0.00504429       0.673618        2.42024        131.379
      125.781        339.936              0       -2.24545        3.71364        1238.15   -0.000626624     0.00119306       0.381432         230.57
      81.8946        330.475              0       -168.473         -340.1        3173.42      -0.051773      -0.104909       0.973135        319.135
      98.9027        320.475              0       -18.2714        2047.12        7462.31    -0.00554243       0.628218        2.28757        250.372
          520        84.0179              0       -517.467       -118.355       -1917.37      -0.159434     -0.0364468      -0.589219        427.192
          510            336              0        6.10312       -14.0481        165.335     0.00189144    -0.00435063      0.0509417            450
          510           -336              0       -6.29433       -12.5024       -169.024    -0.00193632    -0.00390758     -0.0516264            450
          520       -320.896              0        7.24133        6.81504           -205      0.0022481     0.00210203     -0.0629134        679.659
          510        137.794              0         1078.8       -84.6351       -3336.35       0.331978     -0.0258554       -1.02458        377.699
          520        176.457              0       -290.744       -50.2122        1116.78     -0.0894974     -0.0154904       0.343494        470.766
          510        95.7091              0        1473.19         -12.37       -4678.38       0.453579    -0.00380575       -1.43912        355.264
          510        193.927              0         876.52        -157.02        2684.23       0.269397     -0.0482329       0.825152        430.124
          520        241.735              0        -133.86         75.489        763.431     -0.0411745      0.0230547       0.234764        551.197
          510        259.588              0          546.3       -30.5113        1077.09       0.168222    -0.00954188       0.332073        523.301
          510        297.814              0        115.937       -32.5349         587.61      0.0355002     -0.0099908       0.180662        587.686
          510        20.5507              0        499.943        54.0965        -1506.8       0.153927      0.0168014         -0.462        349.097
          520        320.873              0       -4.77386        7.34624        202.446     -0.0015369     0.00226801      0.0621863        680.699
          520         279.15              0       -110.215        39.7773        410.256     -0.0339589      0.0122474       0.126442        609.161
          510         225.23              0        674.137        32.7506        2212.43        0.20745      0.0101381       0.679907        471.598
          520        207.742              0       -314.366       -92.4715         1497.4     -0.0966909     -0.0283896       0.460435        506.926
          510        165.034              0        903.963        70.5887        2974.32       0.278175       0.021568       0.915571        399.299
          520        147.149              0        -555.17       -1.04474        1618.96      -0.170715   -0.000326148       0.498643          448.8
          510        121.328              0        1057.86        -99.106       -3652.79       0.325235     -0.0303857       -1.12331        363.264
          520        111.058              0       -480.728         100.99       -2065.89      -0.147827      0.0310528      -0.636161        434.335
          510         70.498              0        1215.96       -68.2199        -3190.7       0.373617      -0.020986      -0.980993        352.043
          520        57.2643              0       -390.873       -12.1368        1328.45      -0.119859    -0.00384178       0.408504        424.679
          510        45.4566              0        857.626        29.6201        2517.78       0.263934     0.00922427       0.774385        350.142
          520        30.6788              0       -372.227        19.6724       -757.835      -0.114818     0.00627093      -0.231508        421.525
          510       -19.8031              0       -467.978        32.9702        1408.53      -0.143743      0.0100789       0.432888        349.132
          510        5.04261              0       -28.6737        56.6213       -193.944    -0.00907252      0.0174044     -0.0583111        348.768
          520       -3.53341              0         132.45      -0.407253       -161.525      0.0409434    -0.00014621     -0.0486486        420.159
          520       -29.9963              0        388.548        15.3425       -705.609       0.119555      0.0047377      -0.216966        421.539
          510       -44.7152              0       -791.076        7.11086        2458.97      -0.243727     0.00222397       0.755597        350.374
          520       -56.5956              0        384.729       -24.6052        1277.71       0.118148    -0.00752021       0.393473        425.057
          510       -69.7829              0       -1002.06       -23.8001        3275.74      -0.308019    -0.00742827        1.00838        352.615
          510       -95.0629              0       -1012.18       -15.0548       -3516.07      -0.311331     -0.0048442       -1.08243        356.656
          520       -83.3956              0        510.007       -64.8594        1707.93       0.156882     -0.0196746       0.525803        428.329
          520       -110.555              0        636.545        9.98058       -1712.08       0.195646     0.00294505      -0.527027        437.192
          510       -120.841              0       -1033.42        27.6278       -3542.32      -0.317414     0.00845844       -1.08949         366.15
          510       -137.417              0       -1054.95        27.2678       -3330.96      -0.324647     0.00846613       -1.02419        379.789
          510       -164.799              0         -974.5        5.20174       -3414.37      -0.299675     0.00156316        -1.0492        401.706
          520       -176.311              0        409.766        -17.696       -1257.24        0.12614    -0.00557687      -0.385528        472.758
          520       -146.863              0        547.483       -58.1075        1619.52       0.168583     -0.0179404        0.49781        450.714
          510        -193.85              0       -810.788       -60.8086       -2804.42      -0.249063     -0.0187593      -0.861434        432.801
          520        -207.74              0        298.216       -40.1958       -1039.08      0.0916305     -0.0123446       -0.31937        508.724
          510       -225.289              0       -620.563        -45.425       -1723.78      -0.191071     -0.0140476      -0.530093        473.224
          510       -259.693              0       -338.419        13.5503        -1369.2      -0.103749     0.00403786      -0.420271        522.805
          520       -241.831              0        244.921       0.897871       -718.477      0.0754541    0.000206072      -0.220442        552.148
          520       -279.239              0        96.3448       -2.11642       -356.094      0.0296685   -0.000673356      -0.109362        608.442
          510       -297.864              0       -130.089       -38.2037       -582.286     -0.0400183       -0.01169      -0.178835        586.463
         -170       -278.379              0       -119.471        45.7764       -369.713     -0.0368021      0.0140118      -0.113766        611.197
         -160       -191.033              0        733.193        24.5385       -2489.61        0.22576     0.00754604      -0.765494        442.175
         -160            336              0       -7.08956       -14.5237       -172.139    -0.00219472    -0.00452688     -0.0528375            450
         -160       -222.828              0        559.509        15.8614       -1520.51       0.172219     0.00483604      -0.466896         485.82
         -160           -336              0      -0.342401       -5.66253        110.926  -4.68509e-005    -0.00176389      0.0343856            450
         -170       -117.668              0       -551.166        61.1585        1824.74      -0.169725      0.0189937       0.560554        427.656
         -160       -65.6103              0        1032.77       -24.3775        3588.21       0.317334    -0.00770255        1.10208        364.504
         -170       -28.7697              0       -247.479        2.32276       -756.955      -0.076245    0.000793153      -0.232241        419.981
         -170        51.9446              0        435.503        42.5854        1326.04       0.133936      0.0130198       0.407362        426.262
         -170       -145.644              0        -595.63       -67.7558        1659.22      -0.183213     -0.0207507        0.51116        443.841
         -160         62.175              0       -936.439        20.2293       -2976.67      -0.288211     0.00652233      -0.915233        367.725
         -170        24.9056              0        261.221       -13.0333         663.45      0.0803355    -0.00394154       0.204475         425.82
         -160       -107.724              0        1376.31        12.2147         4480.6       0.423272     0.00410694        1.37801        372.336
         -170        79.1235              0        535.663        6.36441        1749.03       0.164814     0.00187036       0.536615        429.064
         -160        132.281              0       -1472.71       -90.1092       -2802.86       -0.45358     -0.0274848      -0.862513        397.963
         -170        144.044              0        386.787        109.399       -1188.44       0.118796      0.0335738      -0.365788        454.142
         -160       -91.2755              0        1045.77         1.6138       -4021.48       0.321341    0.000354433       -1.23508        367.828
         -160        190.342              0       -1038.06       -89.7844       -2911.61      -0.319598     -0.0277622      -0.896378        448.982
         -170        205.841              0        207.501       -19.5948        1059.58      0.0637922    -0.00603558       0.325926         509.03
         -170       -82.3249              0       -527.091        6.51133       -1659.94      -0.162228     0.00207855      -0.509526        422.605
         -160        36.4269              0        -642.76          71.12        2447.47       -0.19755      0.0218497       0.751583        364.675
         -160        257.761              0       -434.821       -71.7704        1249.26      -0.133752     -0.0220561       0.384568        544.843
         -170         278.28              0         123.28        41.4534        361.304      0.0379678      0.0127793        0.11134        612.431
         -170       -175.011              0       -500.527       -20.1187       -1429.48      -0.154044     -0.0061609      -0.439749        467.308
         -170       -2.00772              0       -59.1729        -15.213       -49.1612     -0.0181389    -0.00479425     -0.0148986        422.513
         -170       -320.793              0        12.1225        14.3048        153.425     0.00375749     0.00439961      0.0474312        684.318
         -170        320.767              0        5.66616        8.44655       -208.519     0.00179575     0.00261296     -0.0640665         685.49
         -160        297.123              0       -141.406       -51.4285       -600.091     -0.0434539     -0.0158398      -0.184383        613.994
         -160       -14.6915              0        218.154        42.7331        879.656      0.0669801      0.0130181       0.270103        361.794
         -170        240.297              0        129.766        17.1294        779.274      0.0399729     0.00520197       0.239909        551.964
         -160         222.51              0       -697.201       -41.4061        2048.58      -0.214372     -0.0128765       0.629593        489.507
         -170       -55.4949              0       -428.386       -7.07947       -1276.42      -0.131687    -0.00221532      -0.392324        420.243
         -170        173.991              0        308.278       -168.276       -1284.46      0.0948409      -0.051921      -0.396178         475.24
         -160         160.51              0       -818.177        27.9788       -2369.69      -0.251453     0.00822962      -0.730193         418.22
         -160       -134.111              0        987.186        21.0044       -3611.95       0.303617     0.00655622       -1.11077        387.424
         -170        115.327              0        405.171       -59.7432       -1333.54       0.124583     -0.0184501      -0.410408        440.177
         -160        105.103              0       -1116.85        88.5963        4178.36      -0.342659      0.0273702        1.28229         384.87
         -160        88.2159              0          -1043         102.82        3967.94        -0.3202      0.0316446        1.21796        375.051
         -160        10.7989              0       -214.472       0.703329        745.246     -0.0657734    0.000200967       0.229624        362.765
         -160       -40.1179              0        593.285        40.7315       -2146.71       0.182706      0.0125441      -0.660363        362.411
         -170        -240.54              0       -130.044       -72.8498       -603.808     -0.0400224     -0.0223379      -0.185186        547.936
         -160       -297.169              0        175.584       -16.7267        623.445      0.0542187    -0.00514146       0.191824        613.093
         -160       -161.703              0        1006.21       -77.0945       -3058.27       0.309776     -0.0238193      -0.940207        410.381
         -170       -206.395              0       -298.568        17.2318        894.302     -0.0920015     0.00522933        0.27623        502.784
         -160       -257.881              0        552.086         -70.57       -1354.06       0.169572     -0.0216943      -0.415586        543.639
      5.49492           -336              0        5.81153        -310.38       -1233.68      0.0018657     -0.0953517      -0.380084        644.836
       471.05           -336              0        9.51807       -117.897       -317.286     0.00290493     -0.0363348     -0.0974506        687.215
      385.434           -336              0       -46.5362        -275.27       -1518.85     -0.0141547     -0.0845983      -0.467288        656.087
      258.022       -340.517              0       -1.08458        1.55345       -858.313   -0.000335852    0.000242832      -0.263584        346.609
      486.321           -326              0        34.9702        156.729        587.633      0.0107674      0.0482099       0.180956        615.536
       444.16           -326              0        24.7015        387.281       -968.813     0.00763844       0.118996      -0.298236        594.517
     -53.5241           -326              0        17.5373        822.365        2056.53     0.00552528       0.252956       0.632573        576.606
      343.831           -336              0        152.986        -391.43        1905.92      0.0471061      -0.120523       0.586415         646.96
      284.539           -326              0        19.9229        1185.95       -3971.76     0.00613638       0.364269        -1.2206        557.759
      169.501       -321.341              0        111.475        1673.46        6319.67      0.0345973        0.51277         1.9406        158.933
      241.592       -330.517              0        115.842       -380.464       -3194.87      0.0358669      -0.117314      -0.983217        323.304
      65.0095           -326              0       -39.4404        1338.55        4404.44     -0.0119555       0.411577        1.35223        562.244
     -77.9097           -336              0         89.786       -193.314        597.406      0.0276608     -0.0594318       0.183726        663.797
      46.6007           -336              0        10.4823       -393.007       -1313.02     0.00300637      -0.120782      -0.403694        642.543
      -136.33           -326              0       -30.7606         131.34        488.859    -0.00945393      0.0404433       0.150614        615.157
     -121.074           -336              0        4.96158       -112.707        293.946      0.0014539      -0.034639       0.090596        686.508
     -94.2463           -326              0       -22.9231        335.432        886.711    -0.00708853       0.103192       0.272876        592.096
      134.009       -341.216              0       -1.10639        80.3319       -889.252   -0.000374659      0.0246618      -0.273703        303.403
     -35.8791           -336              0        2.52344       -244.343       -979.897    0.000756674     -0.0753374      -0.301725        650.972
     -13.6663           -326              0       -5.05612        807.857       -2498.88    -0.00174013       0.248303      -0.769453        566.024
      25.7391           -326              0       -95.4808        1363.47        3769.42     -0.0291399       0.418949        1.15673        562.381
      217.501       -341.066              0       -2.20276        6.89856        -910.76   -0.000646786      0.0015359      -0.279109        310.294
      87.5847           -336              0       -9.16517       -503.743       -1835.97    -0.00292073      -0.154823      -0.563604        639.491
      104.202           -326              0       -89.7871        2349.18       -5926.18      -0.027475       0.720612       -1.82055        561.929
      148.885       -331.216              0       -86.9012        -575.48        3329.84       -0.02674      -0.176208        1.02128        289.283
      175.326       -341.341              0       -1.75031       -13.3618       -752.602   -0.000406447    -0.00406802      -0.230553        293.568
      199.336           -326              0        40.9473        1115.72       -4640.54      0.0121831       0.343349        -1.4268        213.964
      403.223           -326              0       -27.4822        618.235       -2148.53    -0.00832787       0.189817      -0.661061        580.378
      302.784           -336              0        33.2263       -529.893         1575.5      0.0102459        -0.1631       0.483053        638.891
      323.604           -326              0        6.99435        1303.06       -4104.19     0.00253304       0.400538       -1.26061        561.269
        363.1           -326              0        164.445        992.257       -3616.22      0.0502392       0.305264        -1.1122        569.079
      427.739           -336              0       -63.5605       -219.901        562.589      -0.019596     -0.0676482       0.173119        667.264
      207.487       -331.066              0       -10.0208       -552.343        3117.64     -0.0030902      -0.169824       0.959407        243.147
      162.106       -331.341              0        100.148       -644.567        2853.96      0.0311626      -0.197487       0.876012        306.111
      181.929       -321.341              0        51.9579         1704.8       -6384.86       0.015279       0.523956       -1.95964        139.799
      188.538       -331.341              0       -55.9392       -587.018       -3156.52     -0.0170223      -0.180577      -0.969711        291.028
      122.322       -331.216              0        29.6551       -628.623        -3285.2     0.00945852      -0.192937       -1.01154        309.952
      137.198       -321.216              0        93.6046        2841.73       -8007.36      0.0289473       0.874341       -2.46323        292.677
      229.095       -331.066              0        -15.412       -636.896       -2797.79     -0.0044269      -0.195848      -0.860931         244.94
      219.081       -321.066              0       -59.0257        1851.54        6123.95     -0.0174655       0.570491        1.88046        173.998
      268.022       -330.517              0       -56.3604       -469.474       -3054.57     -0.0176852      -0.144368      -0.939205        267.759
      251.592       -320.517              0        17.6973        2576.02       -6223.57     0.00521791       0.792386        -1.9136        251.692
