       x [um]         y [um]         z [um]     ExRe [V/m]     EyRe [V/m]     EzRe [V/m]     ExIm [V/m]     EyIm [V/m]     EzIm [V/m]    Area [um^2]  
---------------------------------------------------------------------------------------------------------------------------------------------------------
      503.127            401              0        6.26734        368.655       -876.644     0.00160185      0.0929774      -0.221227         753.83
      535.846            411              0         9.6219       -124.011       -309.553     0.00246303     -0.0312874     -0.0779907        810.411
      326.226            411              0        70.5058       -170.728        1171.84      0.0177994     -0.0430645       0.296008        792.498
      197.393            401              0       -25.7272        795.714        3559.02    -0.00659787       0.200972       0.899109        744.434
     -104.344            401              0       -18.8774        240.903         850.56    -0.00473609      0.0607427       0.214018        758.045
      400.495            401              0        87.0632        724.297        -2313.8      0.0219301       0.182532       -0.58394        749.792
      17.3873            411              0       -15.9271       -249.329       -1393.65    -0.00399027     -0.0630656      -0.350735        784.454
      46.7146            401              0        -7.5391        667.837       -2595.77     -0.0019192        0.16873       -0.65379        727.076
     -3.09658            401              0       -8.78044        498.622       -2038.94    -0.00222927       0.125797      -0.513993        729.974
     -85.5642            411              0        46.6974       -129.207        585.599      0.0117112     -0.0326986        0.14717        804.114
      119.782            411              0       -58.2306       -219.337       -1771.39     -0.0146588      -0.055564      -0.446143        791.045
      96.6046            401              0        10.1411        617.876        -2717.7     0.00255248       0.156132      -0.684546        730.737
       68.471            411              0        -4.7294       -264.221       -1592.37    -0.00116508     -0.0670033      -0.400437        787.235
     -157.367            401              0        17.9155        106.186       -365.676     0.00449559      0.0267917     -0.0925076        793.494
     -138.823            411              0       -18.2425       -69.5212        209.005    -0.00455328     -0.0174528      0.0525274        834.479
      247.989            401              0       -103.326        1055.63       -3272.01     -0.0260408       0.265912      -0.825761        744.904
     -53.2314            401              0       -41.1487         395.05       -1324.17     -0.0104187      0.0997107      -0.334205        737.914
     -33.7818            411              0       -22.0643       -169.461       -1010.12    -0.00556664     -0.0427916       -0.25463         788.18
      171.365            411              0       -16.2316       -328.731       -2408.36    -0.00410212     -0.0829956      -0.607239         791.03
        430.6            411              0        108.656       -238.775        730.409       0.027473     -0.0601976       0.184247        805.998
      274.539            411              0        94.5613       -245.422        -2017.4      0.0238225     -0.0619921       -0.50852        787.557
      146.847            401              0       -60.8025        749.608       -3479.27     -0.0153179       0.189034       -0.87753        739.119
      222.985            411              0       -10.2028       -399.043        2072.87    -0.00258877      -0.100714       0.522891        787.472
      554.788            401              0         4.3799        230.657        -651.63     0.00110535      0.0582281       -0.16417        760.491
      349.427            401              0       -91.6926        753.697        -2686.9     -0.0231268       0.190282      -0.678196        748.068
      298.618            401              0         93.624        756.713        -2737.1      0.0235863       0.190979      -0.690221        745.837
      378.244            411              0        5.53999       -276.865       -1718.46     0.00138091     -0.0698773      -0.433399         800.23
      451.748            401              0       -22.2871        504.597       -1075.42    -0.00561664       0.127314      -0.271903        750.593
      483.138            411              0        3.79219        -206.47         406.13    0.000935175     -0.0520947       0.102504         807.63
      589.148            411              0        2.99643       -75.0243       -169.396    0.000785785     -0.0189627     -0.0426972        827.666
       607.54            401              0       -13.5871        89.0456       -377.112    -0.00343483      0.0224484     -0.0951286        785.693
          645        105.513              0        -386.49        4.25209           1260     -0.0975584     0.00115441        0.31787        481.947
          635            411              0        3.72388         1.8826        102.616     0.00100569    0.000393166      0.0255586            450
          645        146.596              0       -303.538        52.7021        867.834     -0.0765577       0.013329       0.219109        498.034
          635           -411              0        3.96763       -3.02748       -87.3109    0.000915994   -0.000896812     -0.0216872            450
          645       -392.569              0       -14.9493        10.6651        107.177    -0.00367863     0.00279884      0.0267117        829.396
          635        115.718              0        798.212       -21.1073        2859.54       0.201356    -0.00533948       0.721075        426.182
          635        166.255              0        685.814        2.59892        1764.09       0.172911    0.000673153       0.445407        464.793
          645        214.627              0       -192.509        5.46088        875.787      -0.048485     0.00139161       0.221232         555.49
          635         234.73              0        647.414       -17.5417        1784.09       0.163555    -0.00436846       0.450703        542.199
          645        294.041              0       -83.6842       -15.8442        513.896     -0.0210438    -0.00397587       0.129609         664.57
          635        316.772              0        293.339       -39.9493        809.488      0.0740256     -0.0101035       0.204315        676.964
          635        365.364              0        98.9721       -32.9025       -303.423      0.0250049    -0.00830875     -0.0765911        768.339
          645        392.438              0       -2.67059        5.06463       -111.551    -0.00065768     0.00126909     -0.0282589        835.278
          645        340.328              0       -59.2094        30.9069        256.063     -0.0149388      0.0078349      0.0645469        741.362
          635         273.59              0        484.469       -46.3005        1361.23       0.122207     -0.0116845       0.343402        601.614
          645        252.462              0       -122.446        1.50365        706.116     -0.0307895    0.000476742       0.178148        604.885
          635        199.265              0        843.802        6.49632        2308.02       0.212964     0.00170419       0.582545        498.257
          645        179.601              0       -336.972       -67.7128        880.823     -0.0849952     -0.0171738       0.222402         522.41
          635        135.023              0            895        111.008       -2987.84       0.225692      0.0277587      -0.754238        442.583
          635        86.2778              0        781.315        19.0813        2923.87       0.197088     0.00488674        0.73845        416.659
          645        74.9948              0       -306.827        8.99217       -1098.03     -0.0775434      0.0021478      -0.277006         474.69
          635        28.6463              0        365.684        79.7482        1120.45      0.0921976      0.0202184       0.283834        408.505
          645        14.8259              0       -114.534         2.8245         278.89     -0.0285854    0.000598454      0.0716465        470.132
          635        -28.521              0       -337.411        66.1704        1218.46     -0.0848286      0.0165376       0.307211        408.173
          635        57.3378              0        611.096       -29.5767        2002.11       0.154224    -0.00764157        0.50543        410.952
          645        44.8325              0       -243.542        -34.975       -627.932     -0.0616297    -0.00865805      -0.157604        471.662
          645       -45.0177              0        252.128       -12.7872       -938.503      0.0637818    -0.00312271      -0.235774        467.904
          635      0.0492943              0        36.3932        32.8803        -159.52     0.00883891     0.00820417     -0.0396722        408.227
          645       -15.1213              0        100.586        14.5571         320.85      0.0254736     0.00377031      0.0805185        469.262
          635       -57.1147              0       -661.643        62.3872       -2303.23      -0.167167      0.0157426      -0.580188        410.641
          645       -75.0895              0        299.596        33.3424       -1212.19      0.0758541     0.00838857      -0.304965        474.685
          635       -86.1028              0       -781.225        16.2623        2902.02      -0.197205       0.004116       0.733266        419.139
          635       -104.964              0       -837.175       -22.9846        2760.87      -0.211113    -0.00579334       0.697567        429.634
          645       -115.257              0        386.736        59.4441         1171.2      0.0976291      0.0149971       0.295732        484.092
          635       -135.109              0       -858.638       -4.26404       -2564.58      -0.216435    -0.00105696      -0.647415        442.777
          645       -146.905              0        474.167       0.916623       -1345.57       0.119682    0.000323925      -0.339528        497.269
          635       -166.204              0       -922.039        76.9846       -2467.74      -0.232858      0.0194279      -0.622755        459.219
          635       -199.011              0       -859.312       -24.8337       -2281.54      -0.216676    -0.00624409      -0.575168        499.562
          645       -214.664              0        193.164       -1.89851       -869.741      0.0487105    -0.00054588      -0.219283        558.061
          645       -179.661              0         257.35       -31.1724        -1051.2      0.0649302    -0.00781351      -0.265064        517.538
          635       -234.709              0       -677.008       -25.5823       -1773.33       -0.17063    -0.00643946      -0.447381         548.78
          645       -252.764              0        134.331        10.1642       -687.903      0.0338656     0.00255247      -0.173482        607.656
          635       -317.079              0       -303.048       -8.88802        945.725     -0.0765162    -0.00220218       0.239198        677.366
          635       -273.829              0       -460.855        -31.882       -1301.52      -0.116278    -0.00803338      -0.328358        603.986
          645       -340.711              0        39.5216         2.0926        302.121     0.00990591    0.000490543      0.0763526        738.766
          645       -294.466              0        90.8023       -5.20695       -493.002      0.0229001     -0.0013355      -0.124542        664.911
          635       -365.559              0       -126.339       -35.3855        415.168     -0.0319608    -0.00891215       0.104824        765.448
         -195       -340.247              0       -85.5344        29.6564       -218.298     -0.0215835     0.00746854     -0.0550504        744.445
         -195        -392.44              0       -5.81939       -2.27742        93.6161    -0.00162135   -0.000585568       0.023029         835.22
         -185            411              0       -2.40246        7.93353       -84.1558   -0.000677959     0.00198927     -0.0212911            450
         -185       -273.199              0        480.914       -49.1403        1369.69       0.121224     -0.0124544       0.345702        604.877
         -185           -411              0       -1.69708       -5.59397        88.2146   -0.000422043    -0.00155656      0.0215516            450
         -195       -146.943              0       -355.898        -29.445       -1446.73     -0.0899074    -0.00758104      -0.364634        492.608
         -185       -86.5795              0        770.642        3.80363       -2766.26       0.194168     0.00094267      -0.698981        421.495
         -195       -75.3244              0       -349.673        15.7557       -1048.14     -0.0878332     0.00386112      -0.265627        477.528
         -185       -28.2797              0        345.189        12.9841         1167.7      0.0871951     0.00325058        0.29448         415.28
         -195        15.7836              0        98.4535        15.6198       -276.724       0.025066      0.0039053     -0.0690186        474.228
         -185        29.6935              0       -461.392        49.3439       -926.138      -0.116385      0.0123043      -0.233535        413.291
         -185        87.2561              0       -844.872        86.3879         2992.3      -0.213308      0.0217067       0.754606        412.435
         -195        106.163              0        394.747        2.07818       -1273.81       0.099478    0.000494989      -0.321621        473.254
         -195       -214.121              0       -314.158       -23.8353       -1123.35     -0.0795179    -0.00623506      -0.282989        554.494
         -185        165.747              0       -728.236        4.93303        2802.84      -0.184019     0.00122863       0.707751        460.178
         -185       -166.175              0        803.328       -47.7735       -3020.35       0.202117      -0.012094      -0.762699        454.428
         -195        179.007              0        343.322       -20.0848        1159.83      0.0866182    -0.00512804        0.29286        519.217
         -185        233.851              0       -777.236       -28.2627       -1566.45      -0.196164    -0.00705031      -0.395441        540.744
         -195        251.632              0        198.873       -76.7871        628.095      0.0502071      -0.019296       0.158714        604.113
         -195       -293.755              0       -67.1332        18.3272       -515.284     -0.0169202     0.00474944      -0.130058        666.897
         -185        316.089              0       -190.868       -9.45397        -579.15     -0.0481498     -0.0023999      -0.146104        682.707
         -195        339.782              0        74.7251        5.73015       -169.158      0.0188393     0.00145908     -0.0426406        744.951
         -185        58.4931              0       -601.157         7.5072        2064.62      -0.151304     0.00197658       0.520185        411.765
         -185       -234.172              0        573.996        28.1892        -1961.1       0.144999     0.00699456      -0.495214        545.441
         -195         76.034              0        414.156        35.7596        1208.55       0.104739     0.00911649        0.30397        470.134
         -195       -179.377              0       -388.055      -0.175228       -1495.32     -0.0977141    0.000169732      -0.378244        512.497
         -195       -14.5513              0       -55.5789       -10.5194        210.136     -0.0140063    -0.00254513      0.0529345        475.693
         -195        392.286              0        10.8667        4.18221        -79.546      0.0027421     0.00104998     -0.0200179        842.113
         -185        365.051              0       -97.1145       -16.6691        265.892     -0.0245041    -0.00420181       0.067187        775.611
         -195       -252.029              0       -132.396       -41.3103       -718.946     -0.0333728     -0.0103802      -0.181687         605.91
         -195        293.265              0        118.357        39.5195        419.503      0.0299029     0.00992886       0.105829        665.617
         -185        272.709              0       -507.626       -36.7923        1431.56      -0.128176    -0.00925175       0.361279        603.766
         -185       -57.3265              0        589.723        14.4843        2345.76       0.148869     0.00352921       0.592693        417.362
         -195        213.868              0         310.93        60.9139        916.834      0.0784258      0.0153241       0.231341        554.525
         -185        198.511              0       -719.924       -55.5567        2496.29      -0.181571     -0.0140602       0.630222        495.013
         -195       -106.037              0       -411.656       -4.97534       -1275.04      -0.103479     -0.0012939      -0.323075        483.039
         -195        146.395              0         404.45        10.5325        1274.32       0.102148     0.00263092       0.321603         488.13
         -185        135.066              0       -914.806       -22.0429        3152.83      -0.230776    -0.00547317       0.796089        432.343
         -185        116.198              0       -754.739       -10.1468        3158.66      -0.190649    -0.00245271       0.798627        416.699
         -185       -135.408              0        791.057        9.21025       -2640.62       0.199797     0.00248752      -0.666034        437.488
         -195        45.9712              0        189.526       -12.3865        621.627      0.0477865    -0.00310311       0.156978        470.924
         -185       0.745282              0        69.1238        42.8981       -71.6212      0.0170738      0.0109094     -0.0177936        415.152
         -195       -44.8944              0       -212.098        6.45458        882.009     -0.0534504     0.00152954       0.222714        474.463
         -185       -116.183              0        787.844        5.05799        -3114.8       0.198541     0.00148198      -0.786705        427.627
         -185        -365.35              0        109.736       -29.3115        314.623      0.0277314    -0.00736082      0.0790843        769.012
         -185       -198.696              0        779.312       -6.75997       -2370.23       0.196972    -0.00150076         -0.598          496.5
         -185       -316.589              0        367.355       -54.3315       -706.433       0.092642     -0.0136705      -0.177857        680.786
      225.454           -411              0          31.75       -102.968        1271.89     0.00788203     -0.0260837       0.320577        789.496
      554.254           -401              0       -3.21472        217.553        594.698   -0.000777312      0.0548603       0.150128         769.44
      607.415           -401              0        24.7364        140.494       -338.635     0.00620818        0.03552      -0.085596        791.327
      430.748           -411              0       -31.3454       -182.087       -1248.62    -0.00777958     -0.0459283      -0.315173        793.789
      535.308           -411              0       -2.61787       -158.605        307.022   -0.000606837     -0.0400549      0.0773916         812.44
     -85.5423           -411              0        39.7153       -142.922        357.622      0.0100576     -0.0360314      0.0904142        808.306
       350.54           -401              0        2.11579        784.479       -3076.23    0.000632912       0.198069      -0.775324        730.713
      122.633           -411              0        22.8894       -348.206       -1625.81     0.00581057       -0.08783      -0.410419        791.603
      49.6902           -401              0         36.679        665.539       -1889.74     0.00927207       0.167645      -0.476744        747.086
      19.0775           -411              0        65.2836       -262.198       -625.375      0.0164982     -0.0661089      -0.157891        794.156
      -52.529           -401              0        38.3134        391.829        1386.91     0.00974548      0.0988342       0.350917        757.273
      150.811           -401              0        8.35847        661.231       -3078.87     0.00214187       0.166905      -0.777245        735.456
       200.94           -401              0       -93.1781        862.935       -2890.06     -0.0234673        0.21758      -0.729422        730.357
     -157.448           -401              0        -22.051        100.573        341.341    -0.00550009      0.0253503      0.0857546        789.821
     -139.012           -411              0       0.291256       -63.5651        176.033    0.000149253     -0.0161418       0.044574        829.655
      -104.39           -401              0       -4.87901        237.583       -527.568    -0.00122389      0.0599801      -0.133091         768.16
      276.643           -411              0       -30.0712       -311.078       -1949.17    -0.00755285     -0.0785282       -0.49134        787.464
     -33.0111           -411              0        29.0603       -171.971        1145.13     0.00725304      -0.043274       0.289504        798.323
     -1.25992           -401              0       -9.08784        487.738       -1027.12    -0.00224755       0.123011        -0.2595        751.512
      451.262           -401              0       -54.0804        484.372       -1722.49     -0.0136803       0.122021      -0.435091        743.896
      70.9423           -411              0       -10.7798       -248.114       -1429.25     -0.0027865     -0.0624922      -0.360797        792.671
      100.392           -401              0       -4.83364        658.323       -2810.64     -0.0012759       0.166197      -0.709311        741.804
      300.632           -401              0        -27.055        818.136       -3202.21    -0.00701058       0.206597      -0.808192        725.735
      174.123           -411              0       -2.14921        -318.87       -1774.26   -0.000524171     -0.0804775      -0.447409        790.013
       250.86           -401              0         118.65        870.143       -2945.51      0.0297949       0.219578      -0.742995        726.539
      379.165           -411              0       -7.79421       -274.274       -1707.97    -0.00190883     -0.0694807      -0.429997        790.763
      327.812           -411              0       -35.8893       -364.673       -1751.36    -0.00929555     -0.0923215      -0.440483        789.425
      400.721           -401              0       -13.9544        584.741       -2516.04     -0.0034276       0.147638      -0.634389        736.664
      588.938           -411              0      -0.277353       -67.2324       -193.708  -3.30063e-005     -0.0168674     -0.0488972         831.47
      482.706           -411              0       -63.6179       -207.114       -527.871     -0.0160764     -0.0522415      -0.133269        800.426
      502.341           -401              0         11.651        381.149       -919.871     0.00291235      0.0962327      -0.232128        754.218
