       x [um]         y [um]         z [um]     ExRe [V/m]     EyRe [V/m]     EzRe [V/m]     ExIm [V/m]     EyIm [V/m]     EzIm [V/m]    Area [um^2]  
---------------------------------------------------------------------------------------------------------------------------------------------------------
       192.92            326              0       -97.3174        1237.85        4013.22     -0.0946524        1.18975        3.85606        566.924
      479.291            336              0       -24.7058       -332.934        -1301.4     -0.0237537      -0.319889       -1.25285        650.231
      376.334            326              0        94.2004        1348.91       -4075.15      0.0902771        1.29725       -3.91904        567.093
      455.327            326              0         -165.5        791.215       -2531.23      -0.159005         0.7604       -2.43615        569.967
     -45.2358            326              0       -6.91853        671.349        1803.82    -0.00717816       0.644604        1.73535        581.998
      314.319            336              0         -220.6       -430.218        2025.85      -0.212729      -0.414102        1.94475        647.336
      257.698            326              0       -111.176        1705.01       -5476.31      -0.105762        1.63768       -5.26553        565.579
      113.757            326              0        -86.674        1471.87        4618.73     -0.0837096        1.41377         4.4367        568.141
        53.57            336              0       -220.402       -396.373       -1400.57      -0.211393      -0.380833       -1.34354        643.347
      34.5495            326              0        82.3739        1013.32        2662.55      0.0794507       0.973368        2.56124        569.867
     -29.1473            336              0        -88.763       -268.982        -809.17     -0.0848665      -0.258106      -0.776735        651.814
      136.116            336              0         45.396       -394.776       -2260.22      0.0436139      -0.378789       -2.17208        645.306
      177.455            336              0        173.508       -619.802       -1883.67       0.166771      -0.595245       -1.81044        647.917
      -86.591            326              0        69.1673        220.908         724.86      0.0665849        0.21247       0.697029        603.406
     -71.5782            336              0       -93.0891       -124.338        535.614     -0.0896738      -0.119285        0.51527        675.576
     -5.10614            326              0        16.4979        938.437       -2382.16      0.0160516        0.90081       -2.28803        572.025
      12.3294            336              0        54.4981       -265.838        -999.26      0.0522958      -0.255509      -0.960227        642.614
      495.342            326              0       -52.5949        504.098       -1911.42     -0.0504835       0.484328       -1.83933        580.488
      74.1633            326              0        68.3137        1523.25       -3941.25      0.0655386        1.46352       -3.78199        569.407
      94.8353            336              0        29.1327       -252.641       -1918.67      0.0271764      -0.242626       -1.84166        644.181
      396.815            336              0        19.6459       -469.675        1917.08      0.0190737      -0.450641        1.84445        642.051
      153.323            326              0        2.23846        1982.65       -4999.37     0.00201811        1.90224       -4.80656        567.018
        225.1        341.679              0       -9.07174        -11.824        707.161    -0.00856764    -0.00788548       0.688678        280.887
       238.75        331.679              0       -179.688        -705.92       -3198.17      -0.172279      -0.677365       -3.07926        307.352
      336.818            326              0       -126.673        1379.74       -4747.32      -0.121347        1.32563       -4.56001        566.435
      297.273            326              0        44.8183        1547.96        4414.03      0.0433701        1.48607        4.23519        565.724
      272.927            336              0        80.5946       -579.924        -2406.6      0.0773924       -0.55742       -2.30996        649.582
      355.619            336              0       -110.171       -587.457       -1946.67      -0.106645      -0.565687       -1.86511        644.702
      415.811            326              0        24.5724         863.85        3502.85      0.0238063       0.830761        3.36903        567.333
      437.933            336              0        26.7239       -370.173        1502.44      0.0257089      -0.354882        1.44657        640.916
      521.627            336              0       0.815731       -183.611       -845.287    0.000927753      -0.176584      -0.812997        674.422
      536.615            326              0       -12.5462        168.638       -922.099     -0.0121442       0.162077      -0.886743        602.342
      211.723        331.679              0        25.9237       -558.778        2374.12      0.0233107      -0.536994        2.28639        306.461
      225.373        321.679              0       -112.776        1725.39       -6347.96      -0.109044        1.65788       -6.10712        321.558
      568.812        76.9793              0        67.3455       -16.1475       -3357.86      0.0643475     -0.0145368       -3.21523        129.256
          560            336              0         11.003       0.896439       -228.497      0.0103887     0.00116739      -0.220798            450
      555.307         49.294              0        2985.31       -27.3443        9886.45        2.86857     -0.0260814        9.49344        128.572
          560           -336              0       -8.38706       -17.6646       -222.987    -0.00804201     -0.0168516      -0.214508            450
          570       -321.517              0        5.98124        10.9442       -268.293     0.00566818      0.0104919      -0.257874        651.713
      555.204        65.9994              0        2688.35        -97.109       -10360.8        2.58226     -0.0933158       -9.95045        127.547
      568.843         104.15              0        31.2188        84.4883        3437.48      0.0303617      0.0803066        3.30291        149.081
       554.69        97.5551              0        3258.04        250.943          12838        3.13075       0.241433        12.3418        120.781
      574.934        31.3872              0        41.1804       -21.7795        768.231      0.0393634     -0.0206852        0.73834        154.392
          560         152.35              0         1844.7        -58.905       -5537.31        1.77168     -0.0575999        -5.3095        316.807
          570        187.151              0       -644.998       -16.8818        1955.29      -0.619219     -0.0159063        1.87982        407.521
          560          201.2              0        1215.28       -51.2661        4319.19        1.16859     -0.0491474        4.14965        392.527
          570        246.331              0       -256.945         44.919        788.859      -0.246799      0.0431962       0.758273        509.522
          560        262.211              0         692.34        -50.125       -1663.83       0.665831     -0.0478688       -1.60093        501.195
          560         298.83              0        225.563       -56.5254       -652.693        0.21708      -0.054523      -0.627667        571.406
          570        321.528              0        -26.077         7.8954       -200.201     -0.0246529     0.00753747      -0.193654        651.241
          570        281.575              0       -112.312        40.9271       -532.955      -0.107799      0.0397872      -0.512344        575.254
          560        229.892              0        862.806        16.4087        2942.95       0.828166      0.0157413        2.82846        443.645
          570        215.039              0       -461.883       -16.8666        1712.46      -0.443832     -0.0165998        1.64503        454.943
          560        175.544              0         1440.7       -28.2157        4506.86        1.38208     -0.0267915        4.33364        354.491
          570        161.941              0       -732.427        34.7397       -2406.82      -0.702754      0.0324372       -2.31549        372.447
      575.204        70.6602              0        45.9355        8.27969        1372.74      0.0415931     0.00822716           1.31        148.086
      558.843        105.414              0       -986.557       -159.944        8395.99      -0.947751      -0.152836         8.0709        116.879
      570.241        41.0425              0        58.2441        19.4909        1982.87       0.055932      0.0186726        1.90548        135.143
      558.812        73.9412              0        -1578.4        4.90941       -8386.02       -1.51469      0.0048687       -8.04658        88.6761
      553.608        81.3516              0         2839.7       -151.556        14032.5        2.72886      -0.145132        13.4892        90.0675
      575.833        11.5455              0        31.6272       -20.7577       -282.051       0.030345     -0.0198245      -0.270657        128.167
      570.767        21.8653              0        15.8153        24.6957        1072.19      0.0151391       0.023636        1.03039        128.037
      568.375       -3.21897              0       -11.6286        11.4802         254.37     -0.0111515      0.0109868       0.243372        114.998
      553.432       0.628529              0        318.913        151.754         271.81       0.307679       0.146522       0.258384        82.8542
      554.943       -14.0083              0        -1245.5        253.122       -3050.17       -1.19706       0.243681       -2.93457        119.568
      558.375       -5.91296              0        259.984        79.0991       -1034.71       0.249322      0.0759033       -0.99523        78.6807
      555.345       -30.9232              0       -2121.92        110.679       -7080.79       -2.03775       0.106912       -6.80138        129.602
      575.345       -30.0272              0       -15.5794        25.5692          836.5     -0.0156064      0.0247555       0.807577        143.474
      555.252       -96.2185              0       -2248.82       -142.654          10432       -2.16352      -0.137543        10.0193        135.709
      570.853       -103.586              0       -32.1462        7.34491       -2497.57     -0.0306909     0.00750674       -2.39922        148.564
      575.628       -70.7682              0       -78.7111        15.7082       -1131.56     -0.0758118      0.0156036       -1.08893        135.689
      560.493       -123.706              0        1225.61       -63.4824        7446.57        1.17906     -0.0617727        7.15751        136.376
      560.853        -104.76              0        1146.94       -255.413       -6943.43        1.10203      -0.244727       -6.67452        176.795
      554.893       -133.293              0       -2589.76       -309.694       -10396.3        -2.4885      -0.298647        -9.9927        141.791
      564.623        140.874              0       -743.772         69.325       -4841.02      -0.715506      0.0675568       -4.63988        226.929
      574.893       -134.996              0       -54.3922         37.029       -1221.97     -0.0528444      0.0350781        -1.1749        178.772
        575.6       -114.105              0       -74.2552       -30.9284       -1118.73     -0.0714009      -0.029851       -1.07403        144.596
      568.775         123.03              0        7.91289       -43.3197        3053.31     0.00776133     -0.0409411        2.93032         142.52
      558.775        123.065              0       -1248.19       -59.2952        8838.22         -1.199     -0.0576294        8.49077        114.956
          560       -152.088              0       -2205.28       -140.855       -5810.55       -2.11831      -0.134932       -5.59093          317.5
          570       -161.916              0        943.762       -19.2092       -2649.47       0.905394      -0.018085       -2.55208        373.816
          560       -175.345              0       -1189.24       -45.6923       -4881.08       -1.14291     -0.0436459       -4.69256        355.263
          560       -201.012              0        -1155.4       -18.0179       -3555.53       -1.10939     -0.0171906       -3.41758        393.572
          570       -187.144              0        700.296       -16.3053       -2021.67       0.672917     -0.0158943       -1.94343         406.19
          570       -214.945              0        396.459        9.10362       -1051.77       0.380822     0.00892722       -1.01086         451.29
          560       -229.694              0       -855.611        4.10853        1783.74      -0.821559     0.00377776        1.71469        445.822
          560       -262.082              0       -585.143       -17.2735        1684.24      -0.561926     -0.0163048        1.61892        503.339
          570       -246.176              0        279.146       -79.8235        795.295       0.268289     -0.0763491       0.764849        508.294
      554.152        115.208              0        3154.78       -441.178          12613        3.03177      -0.423168        12.1187        111.222
          570       -281.492              0        110.962        39.4272        462.192       0.106691      0.0381108       0.444119         577.59
          560        -298.81              0       -174.883        -56.866       -732.891      -0.168344     -0.0546895      -0.704496        571.833
      574.152        113.909              0         30.111        56.9142        1434.83      0.0289699       0.055484        1.37802        188.988
      575.307        51.1265              0        66.8121        24.2703        995.452      0.0645107      0.0233673       0.956068        143.541
      560.767        23.0614              0        -506.91       -50.5877        3121.54      -0.486998     -0.0499571        3.00106        147.686
      555.833        15.4122              0        1013.41        48.5813       -3595.92       0.976704      0.0458042       -3.46124        140.685
      554.934        32.3735              0        2089.36          117.5        7312.43        2.00496       0.112954        7.03393        119.154
      560.241        40.8327              0       -766.888       -84.7997        5388.83      -0.736933     -0.0788629        5.17912        142.158
       574.69         93.781              0        43.5018       -13.5125        1643.35      0.0410014     -0.0134226        1.57458        166.484
      568.298        86.2705              0       -15.9456        54.7459       -3516.53     -0.0152301      0.0523104       -3.37039        139.263
      558.298        88.7803              0       -1527.68        9.54616        9218.97       -1.46839     0.00909907        8.85694        94.9613
      570.511        59.8845              0         46.466       -37.9418        2546.75        0.04454     -0.0356906        2.44082        125.887
      560.511        58.2618              0       -955.078         64.765        6586.36      -0.916686      0.0591108        6.32688        139.246
      560.288       -21.3368              0        510.516       -59.6276       -3212.21       0.490052      -0.057132       -3.08575        144.438
      570.288       -20.1579              0       -13.7867         -6.271         1120.4     -0.0134349    -0.00625374        1.07949        134.522
      575.212       -51.1652              0       -62.1519       -29.7974       -1036.72     -0.0600253      -0.029937      -0.994944        147.549
      555.628       -65.9075              0       -3135.69       -312.547         -12160       -3.01649      -0.299926       -11.6876        138.678
      559.265        7.40762              0       -303.686        21.7607        1286.37       -0.29264      0.0218296         1.2325        91.2588
      569.265        4.73699              0        9.22343        10.3146       -301.676     0.00882869      0.0100634      -0.290009        120.249
      574.943       -10.1354              0       -13.4373      0.0127316        266.382     -0.0129256   -0.000256776       0.256266        156.797
      553.564       -80.6536              0       -3424.03        420.572       -14016.2       -3.28776       0.403215       -13.4664        89.3599
      555.212       -49.1623              0       -2714.94        142.544       -9727.73       -2.61011       0.135704       -9.34877        126.914
      560.557       -40.3166              0        733.062         37.756       -5225.67       0.703691      0.0365558       -5.01592        176.905
      570.557       -40.5995              0        13.7663        57.3579        1954.67      0.0136402        0.05564        1.87934        158.069
       560.84       -59.0259              0        900.924        20.9086       -6678.06        0.86641      0.0205039       -6.42305        140.029
       570.84       -60.7459              0       -82.6112       -17.4552       -2459.71     -0.0803119      -0.017346       -2.36748         120.37
      559.191       -74.0577              0        1531.27       -38.3042       -9908.04        1.47313     -0.0381968        -9.5152        84.1394
      569.191       -77.1984              0       -7.73064       -69.2694       -3176.13    -0.00639803     -0.0671315       -3.04973        111.435
      558.816       -87.5785              0        850.033        292.323        8452.09       0.817819       0.283133         8.1169        90.1855
      568.816       -85.1467              0        4.44454        11.2148       -3370.57     0.00420917      0.0107256       -3.23813         119.57
      575.252        -92.613              0        3.77537         5.8077        1283.26     0.00117462     0.00764207        1.24365         149.55
        555.6       -115.097              0        -3184.4        103.095         -11438       -3.06037      0.0996048       -10.9949        149.875
      570.493       -123.888              0        -44.922        28.1645       -2645.47     -0.0432437        0.02739       -2.54079        125.615
      564.893       -141.254              0        962.202       -1.41508       -5132.71       0.925335    -0.00298505       -4.93891        203.501
      554.623         133.22              0        2618.95        191.767        10544.4        2.51818       0.184734        10.1348        131.873
      574.623          134.5              0       -35.9097        14.4295        1410.97     -0.0364629      0.0141996        1.35145        186.059
         -120       -281.165              0       -140.351        73.9154        495.345      -0.134767      0.0709494       0.474767        578.605
         -110       -298.609              0         174.73       -38.4773       -619.097       0.167781     -0.0368925      -0.593934        576.272
         -110       -200.642              0        1424.97        28.4061       -4080.98        1.36858      0.0283059        -3.9173        390.872
         -110            336              0       -8.89967       -20.5004         203.36    -0.00853522     -0.0194887       0.195827            450
         -110       -229.313              0        709.353       -42.7863       -2414.86       0.681236     -0.0413904       -2.31452        444.523
         -110           -336              0        5.97751        8.73051        195.463     0.00578355     0.00841469       0.187271            450
     -124.726       -70.6901              0        65.8208        32.3749       -1369.78      0.0639628      0.0309255       -1.31581        163.047
     -125.546        11.2012              0       -47.9237       -8.57008       -290.336     -0.0465182    -0.00776446      -0.279616        134.636
     -104.805         132.74              0       -2314.63        109.264        10429.4       -2.22583       0.104354        10.0231        137.296
     -109.994        57.3306              0        809.993       -142.221        7237.84       0.775628      -0.136323        6.95228        173.962
      -104.44       -115.856              0        2726.42       -202.722        12534.2        2.62069      -0.196037        12.0462         118.29
     -104.576        65.9099              0       -3200.35       -157.817        11661.2       -3.07853       -0.15259        11.2029        112.108
         -120       -186.544              0       -637.443       -3.95479        2302.63       -0.61301    -0.00372064         2.2055         409.46
     -119.902        21.5917              0       -19.0518        29.3538        1273.84     -0.0182232      0.0282105        1.22307        133.732
     -119.994        58.9843              0       -58.8777        39.2699        2596.97      -0.056006      0.0373102        2.49175        175.298
         -110       -151.759              0        1418.52       -109.239       -5652.99        1.36191      -0.104905       -5.42815        317.546
     -105.418        47.4662              0       -2978.25       -109.671         9835.5       -2.86078      -0.104839        9.45273        131.118
     -125.623        92.8041              0        -43.249      -0.354588        1131.55      -0.041711   -0.000399213        1.08844        137.734
     -120.199        81.7695              0       -78.6191       -40.1293       -2922.26     -0.0741734     -0.0379338       -2.79649        183.247
     -118.709       -124.235              0        64.9846       -41.0396       -3104.59      0.0613542      -0.038964        -2.9806        120.783
     -110.765        105.416              0        1333.62        31.4438       -7171.41        1.28151      0.0307074       -6.90265        172.086
     -110.213       -3.32077              0       -203.252       -52.2791       -679.274      -0.195569     -0.0496005      -0.653286        203.773
         -110        151.597              0       -2023.29        5.81288       -5662.38       -1.94461      0.0042712       -5.44121        318.244
         -120        161.315              0        807.556        16.9036       -2418.55       0.774719      0.0151312       -2.32866        375.742
     -120.213      -0.472496              0       -17.6056         55.075        72.9109      -0.017831      0.0532325      0.0654323        203.749
         -110          200.7              0       -1308.79        46.0411        4103.07       -1.25748      0.0448743        3.94521        393.328
         -120         214.72              0        515.051        -21.898        -1515.1        0.49598     -0.0213718       -1.45239        456.058
     -105.546        4.14623              0        26.4116        119.811         1228.2       0.025856       0.114661        1.18101        133.759
     -109.902        22.7484              0        449.547        -12.161        3713.01       0.431424     -0.0125156        3.56662        131.861
         -110        261.871              0       -594.554       -40.8683       -1571.71      -0.571815     -0.0392431       -1.50916        505.641
         -120        281.354              0        103.644       -1.71037       -524.053      0.0995717    -0.00198664      -0.503412        576.619
     -124.356        30.7114              0       -53.4123       -38.2484        879.548      -0.051165     -0.0361594        0.84313        171.519
         -120       -161.259              0       -779.347       -31.7958         2454.9      -0.749024     -0.0305121        2.35558        374.891
     -109.947        123.597              0        1399.71        41.5453        7763.24        1.34461      0.0392016        7.45568        113.233
         -120        321.472              0        16.4154        9.23712         242.95      0.0155715     0.00885774       0.233546        653.779
         -110        298.696              0       -212.931       -64.4815       -831.572       -0.20466     -0.0617501      -0.798999        574.892
         -110       -175.002              0        1518.05       -41.2042         4503.9        1.45816     -0.0395204        4.32119        353.477
         -120        246.024              0        196.448        -20.679       -835.797       0.188864     -0.0199622      -0.801834        507.601
         -110        229.465              0       -926.333       -60.8621        2737.57      -0.890529     -0.0583897        2.63263         445.03
         -120       -321.415              0       -21.1457        6.66696        179.706     -0.0202785     0.00636108       0.171891        656.342
         -120        186.705              0        606.537       -140.561        2340.05       0.581723      -0.134426         2.2528        411.271
         -110        174.919              0       -1680.81       -54.6442        4668.26       -1.61264     -0.0528832        4.49089        355.515
      -125.64       -50.5757              0        35.3121       -6.98826       -903.268      0.0341421    -0.00665374      -0.869063        133.195
     -104.269       -133.046              0        2694.33        317.575        11258.7        2.58694       0.307221        10.7989        125.038
     -108.709       -124.305              0        -1179.3        92.8045        9513.83       -1.13367      0.0911774        9.13585        93.4081
     -104.965        -96.052              0        2933.59       -128.718       -11408.8        2.81873       -0.12191       -10.9594        126.867
     -125.109       -30.3324              0          23.75       -3.13992       -877.859      0.0225711    -0.00318242      -0.843377        148.114
     -125.142        114.151              0        -61.392       -1.41012        1183.58     -0.0592051   -0.000500351        1.13782        157.692
     -105.623        96.5054              0       -2839.62       -86.4223       -11957.3       -2.72731     -0.0835654       -11.4994        145.249
     -119.947        123.622              0        14.1757       -48.2864        2574.95      0.0140377     -0.0457839        2.47036        115.265
     -124.576        70.6483              0       -58.2156        30.9397        1370.82     -0.0554508      0.0291281        1.31558        167.797
     -105.109       -31.9197              0        1858.08        156.164       -7806.08        1.78697       0.150791       -7.50764        122.748
     -124.805        134.134              0       -19.4345       -2.48157        1400.38     -0.0175039    -0.00257632        1.34179        179.855
         -120       -245.761              0       -275.347       -88.1354        847.694      -0.264468     -0.0846239       0.813942        510.306
     -119.776       -21.8513              0       -55.6732       -21.4186       -1178.04     -0.0520666     -0.0208635       -1.13407        125.278
         -120       -214.436              0       -332.667         150.66        -1264.7      -0.319073       0.145045       -1.20914        454.809
         -110       -261.738              0        547.746       -13.1956        1712.93       0.526898     -0.0126912        1.64474        504.291
      -124.44       -114.374              0        8.77178        29.0374       -1321.36     0.00803946      0.0275858       -1.26961        181.666
     -104.726       -66.5483              0        2780.08       -382.574         -12487        2.67176      -0.366705       -11.9878        114.828
     -104.726       -77.4405              0         2944.3       -70.9411        12166.5        2.82609     -0.0687266         11.698        116.796
     -124.666       -11.5302              0         25.242       -19.3227        387.532      0.0240375     -0.0191837       0.371962        160.977
      -105.64       -49.3375              0         2269.2        205.665       -9242.05        2.18142       0.196063       -8.88423        135.893
     -110.365       -59.3047              0       -839.287       -69.5863       -6427.04      -0.807885      -0.066257       -6.17833        156.275
     -120.365       -60.6408              0         51.263        31.0405       -2493.06      0.0499522      0.0303237        -2.3968        139.763
     -110.749       -40.7691              0       -1034.73        51.5828       -5470.55      -0.994273      0.0501764        -5.2579        162.288
     -120.749       -40.6711              0        15.8741        52.0183       -1851.67      0.0145337      0.0499564        -1.7795        140.557
     -105.546        14.8689              0       -987.216        283.396        3586.06      -0.949249       0.271814        3.44392         133.86
     -125.418        49.3525              0       -65.7615        37.6744        997.486     -0.0628735      0.0357428       0.957047        140.179
     -110.199        84.2463              0        1536.37       -106.992       -6962.35        1.47551      -0.103809        -6.6799        201.382
     -119.774        39.4738              0       -58.5736       -11.2431        2104.89     -0.0556409     -0.0109461        2.01821         114.55
     -109.774        39.2412              0        767.269       -27.6465        5645.84       0.735782     -0.0266894        5.42118        113.371
     -104.356        31.6354              0       -2146.43        221.009        7576.37       -2.06049       0.212322        7.27988        105.121
     -120.765        104.191              0       -48.9819        7.41219        2562.93     -0.0475473     0.00683633        2.46601        146.601
     -104.576        76.9154              0       -2446.25        235.887        10525.6       -2.35015       0.226611        10.1085        114.532
     -124.965       -91.9543              0         50.773        6.60697       -1271.83      0.0491955     0.00652602       -1.22119        157.556
     -119.691       -81.4077              0        41.4314        8.54068       -2864.41      0.0406656     0.00807102       -2.75248        172.737
     -105.142         115.35              0        -2829.5        95.0434         -12192        -2.7192      0.0922505       -11.7423        137.978
     -109.691       -84.0943              0       -1066.83       -123.658        -7795.8       -1.02639      -0.118517       -7.48856        164.997
     -109.405       -105.419              0       -1169.01       -217.072        8044.21       -1.12242      -0.209382        7.73107        172.658
     -119.405       -104.008              0        42.2374         7.5179        3154.96      0.0403323     0.00695115        3.03066        193.247
     -104.666       -15.8678              0        1326.81        38.1254       -3783.85        1.27089      0.0359205         -3.635        112.302
     -109.776       -23.3406              0       -790.464        109.878          -3949      -0.759053       0.104056       -3.80044         119.12
     -114.805        140.459              0        860.756        2.99552       -4502.51       0.827086     0.00406548       -4.32755        212.583
     -114.269       -140.723              0       -740.331        151.211        4806.93       -0.71151       0.145212        4.60708         201.53
     -124.269       -134.144              0        13.5305        2.10843        -1599.7      0.0132774      0.0022502        -1.5369        199.804
     -5.78506           -326              0        -10.532        764.766       -1747.48     -0.0100017       0.734111       -1.67841        573.759
      439.076           -336              0        45.0534       -291.135        1116.19      0.0428411        -0.2794        1.07282        643.699
      536.868           -326              0        52.6166        190.599       -682.444      0.0505137       0.183534      -0.656453         590.96
      496.275           -326              0       -13.8825        372.391        1237.91     -0.0132788       0.357831        1.18772        572.114
      522.121           -336              0        15.0352       -137.628       -362.025      0.0143851      -0.132025      -0.348198        663.598
      53.5133           -336              0       -148.836       -318.888        1528.87      -0.142563      -0.306454        1.46755        651.821
      273.591           -336              0       -43.7838       -587.925        2717.22     -0.0426648      -0.563348         2.6169        643.556
      337.782           -326              0        -43.534        1493.21       -4742.97      -0.041082        1.43542       -4.55657        569.497
       178.24           -336              0       -21.9013       -650.271       -2759.34     -0.0209999      -0.623244       -2.65614         645.98
      113.826           -326              0        195.363        1438.78       -3771.64       0.187851        1.38115       -3.62135        570.722
      314.909           -336              0        109.692       -456.051       -2898.84       0.104971      -0.438345       -2.78488          645.9
     -29.7682           -336              0        2.49441       -272.469       -556.074     0.00243666      -0.261699      -0.533668        651.324
       258.47           -326              0        136.659         1588.2        5116.16       0.131727        1.52633        4.92232         570.32
       95.171           -336              0        69.7538       -376.247        -1498.7      0.0661679      -0.361139       -1.44002        652.075
     -86.7742           -326              0       -29.1305        238.163        775.691     -0.0280877       0.228906       0.745549        595.159
     -71.9325           -336              0        7.52285        -126.63        415.692     0.00728041      -0.121271       0.399529        667.876
      -45.858           -326              0       -6.79956        455.846       -1144.68    -0.00629124       0.437587       -1.09872        578.197
      193.389           -326              0       -38.7292        1684.92        4866.35     -0.0371045        1.61822        4.68173        571.871
      11.8913           -336              0        118.586       -355.412        1053.87        0.11351      -0.341027        1.01193        649.595
      34.1022           -326              0       -31.8839         1189.9        3480.22     -0.0305932        1.14191        3.34079        571.572
      456.619           -326              0       -17.8397        1038.82        2063.24     -0.0172561        0.99748        1.97978        567.159
      73.9709           -326              0       -11.4914         1034.1       -3093.85     -0.0110726       0.994207         -2.974        570.699
      298.109           -326              0        54.2537        1546.73       -6053.54       0.051257        1.48756       -5.82262        569.888
      136.766           -336              0        23.5699       -686.831       -2619.66      0.0228955      -0.659173       -2.51696         648.97
      153.628           -326              0       -174.839        1706.57        4542.29      -0.168176        1.63736         4.3639         571.38
      218.792           -326              0       -102.677        1586.59       -5331.09     -0.0990971        1.52538       -5.12167        571.289
      232.307           -336              0       -77.8876       -457.266       -2032.24     -0.0746075      -0.439465       -1.95231        643.886
      356.332           -336              0        -39.195       -321.452       -1891.98     -0.0368777       -0.30901       -1.81788        648.623
      397.773           -336              0        -22.177       -224.015       -1560.81     -0.0212678      -0.215024       -1.49908        647.862
      377.481           -326              0       -22.5534        1325.12       -3594.89     -0.0217999        1.27274       -3.45452        568.353
       417.11           -326              0        114.089        1136.76       -3145.84       0.109602        1.09245        -3.0253        567.063
      480.322           -336              0       -164.127       -260.966        844.381      -0.157721      -0.250649       0.809794        645.234
