       x [um]         y [um]         z [um]     ExRe [V/m]     EyRe [V/m]     EzRe [V/m]     ExIm [V/m]     EyIm [V/m]     EzIm [V/m]    Area [um^2]  
---------------------------------------------------------------------------------------------------------------------------------------------------------
      389.713        267.666              0       -94.6853         2343.9       -7135.68     -0.0189405       0.467668       -1.42216        441.518
    -0.991602        267.666              0        128.666        1138.25       -2778.54      0.0255794       0.227284      -0.555006        440.392
      406.882        277.666              0       -23.0387       -642.323       -2518.59    -0.00482122      -0.128516      -0.501402        496.724
      60.6229        267.666              0         1.8574         2154.3       -6706.88    0.000335414       0.430052       -1.33753        446.846
      308.665        282.138              0        8.42811        32.7876         1854.4     0.00167342     0.00653117       0.370116        272.442
      275.839        280.746              0       -13.8009       -20.3625        -2368.8    -0.00282687    -0.00426934      -0.471334        345.837
      157.482        273.536              0         44.857       -1310.31       -5852.06     0.00894381      -0.261424       -1.16592        215.452
      107.846        277.666              0       -94.5713       -806.853        3179.23      -0.018993      -0.161244       0.634053        502.931
      243.723        282.387              0       -11.3982        96.1502       -2165.41     -0.0023375      0.0190339      -0.431608        268.466
      11.2606        277.666              0       -40.7018       -425.244       -1550.45    -0.00802332     -0.0848497      -0.309334        497.066
      209.395        281.619              0       -8.02412        22.3949       -2406.08    -0.00168193     0.00419516      -0.477624        307.577
     -31.7724        267.666              0        42.1445        247.892       -1470.09     0.00845438      0.0495729      -0.293114        445.232
     -20.6721        277.666              0        -32.322       -373.788       -1091.62    -0.00649975     -0.0746928      -0.217624        499.514
      176.104        282.242              0      -0.302377        61.6806       -2143.27   -0.000119524      0.0121093      -0.425231        273.735
      29.7002        267.666              0          113.8        1664.46        -4403.1      0.0226394       0.331664      -0.877945        443.675
      43.2993        277.666              0       -30.0804       -767.538        2099.87    -0.00614014      -0.153394       0.418228            501
      214.773        261.619              0        233.355        3805.06        14568.9      0.0463431       0.758889        2.90176        105.437
      91.6723        267.666              0       -104.052        2519.31       -6568.88     -0.0206213       0.502573       -1.31132        446.931
      75.5502        277.666              0        39.5315       -742.031         2659.2     0.00797887      -0.148054       0.530854        503.446
      326.794        273.657              0       -106.687       -918.248        4883.67     -0.0210848      -0.183555       0.973774        248.218
      122.712        267.666              0       -148.868        2408.95        -8011.7     -0.0296094       0.481212       -1.59901         446.94
      143.825        283.536              0       -9.90302        10.0802        1132.68    -0.00200564     0.00205656       0.225807        207.399
      184.713        266.349              0        1.12656       -1314.22        -8841.1    0.000175681       -0.26203       -1.75722        116.875
      232.424        272.387              0       -40.3279       -1199.95       -6109.69    -0.00806267      -0.239399       -1.21804        275.936
      263.437        270.746              0        5.45176        -1306.8       -6693.38       0.001221      -0.260773       -1.33413        244.851
      359.177        267.666              0        64.0132        1701.84       -7427.97      0.0127056       0.339417       -1.48148        437.817
      295.249        272.138              0       -47.1885       -1375.05       -5552.98    -0.00927509       -0.27471        -1.1061        250.783
      420.389        267.666              0       -212.032        1771.93       -4492.01     -0.0424412       0.353686      -0.896435        442.181
      341.359        283.657              0        46.9441        58.2716        1036.12     0.00935363      0.0116267       0.206487        197.388
      375.036        277.666              0       -129.879       -841.934       -2739.22     -0.0257546      -0.168403      -0.544831        494.801
      451.024        267.666              0       -21.3677        896.687       -3456.67    -0.00431167       0.179017      -0.689765        439.804
      438.782        277.666              0       -23.8763       -763.115       -2168.44    -0.00474683      -0.152266      -0.432786        496.599
      470.685        277.666              0        43.9897         -395.6       -1249.68     0.00874911     -0.0789853      -0.249211        499.234
      481.779        267.666              0       -50.8156        587.273        1773.59     -0.0101457       0.117151       0.353717        444.933
      188.102        276.349              0        13.1751       -17.2536       -4364.88     0.00280836    -0.00328311       -0.86556        153.433
      220.699        271.619              0        -40.328       -1199.95       -6557.06    -0.00806268      -0.239399       -1.30614        251.701
      332.869        263.657              0       -3.93892        2894.25        10455.9   -0.000698444       0.577464        2.08464        261.497
      347.434        273.657              0        111.824       -930.586       -4220.01      0.0224804      -0.185808      -0.841396        221.713
      315.991        272.138              0       -14.0604       -1144.75        5053.54    -0.00279415      -0.228436          1.009         213.15
      302.574        262.138              0        58.3474         2965.3       -12283.6      0.0115747       0.591812       -2.44934        197.007
      284.478        270.746              0         59.037        -1293.8       -6507.06      0.0120072      -0.258432       -1.29834        218.467
      272.076        260.746              0        16.4029        3030.71       -12761.9     0.00325595       0.605037       -2.54717         137.68
      253.726        272.387              0        5.45164        -1306.8       -5986.83     0.00122098      -0.260772       -1.19404        201.721
      242.427        262.387              0       -33.3245        2906.73       -10288.4    -0.00658354       0.579741        -2.0523        212.457
      198.876        275.726              0        13.1751       -17.2537       -4590.92     0.00280836    -0.00328311      -0.909999        130.106
       204.76        261.619              0       -298.711        3594.06        14884.7     -0.0593151        0.71634        2.96377        72.6669
      200.167        265.726              0        53.2971       -1523.02        -8894.5      0.0107315      -0.303555       -1.76755         90.686
      191.068        261.773              0        53.2971        3273.24       -11056.7      0.0107315       0.652334       -2.19779         86.494
      167.388        272.242              0        44.8568       -1310.31       -6168.35     0.00894377      -0.261424       -1.22758         215.77
      175.213        262.242              0       -12.5777        3419.72       -10587.7    -0.00256421       0.681971       -2.10673        109.671
      150.014        263.536              0        58.2207        2513.92       -11459.7      0.0114567       0.501691       -2.28521        263.258
      136.357        273.536              0       -28.8131       -1362.32       -5610.73    -0.00571176      -0.271942       -1.11899        264.531
      518.781        40.1901              0        82.2535       -35.7266       -2556.81       0.016373      -0.007096      -0.508842        49.1289
      492.989        10.5205              0        6027.07         705.36       -35320.8        1.20153       0.139841       -7.05082          13.94
      501.667        277.666              0        40.2667       -7.84027       -452.919     0.00808095    -0.00171243     -0.0898858            450
      493.659        31.2909              0        17472.8        1783.51       -83363.1        3.48511       0.355717       -16.6366        20.5865
      501.667       -277.666              0       -32.0822       -22.5721         396.36    -0.00644491    -0.00467637      0.0784831            450
      511.667       -266.917              0        4.61926        36.0842        425.042     0.00112949     0.00721087      0.0840948        483.741
       506.73        30.1827              0       -40.6973       -22.2561       -13892.5     -0.0082845    -0.00443868       -2.77423        35.1638
      493.235       -10.4166              0        -9606.1        606.261       -34685.3       -1.91622       0.121167       -6.92189        16.1924
      501.548        79.7664              0        136.389        51.0025       -26660.2      0.0271084     0.00965102       -5.31901        29.2627
      517.624        109.692              0         9.2482       -32.1292        2593.73     0.00190717    -0.00630268        0.51737        76.0369
      516.123          80.65              0         16.869       -35.2686        5056.38     0.00323559    -0.00703575        1.00897        40.0175
      514.456        103.767              0        72.2021        45.1765        4902.68      0.0145206     0.00902605       0.978488        62.4047
      495.794        75.5639              0       -7203.94       -1592.36        64698.5       -1.44078      -0.318994        12.9016        27.8961
      494.515        110.797              0        10395.2        320.688       -44591.9        2.07376      0.0637977       -8.90173        40.0018
      504.031         113.66              0        114.181        20.4148       -14500.5      0.0227274     0.00394198       -2.89476         47.817
      506.801        178.514              0       -620.704        53.8354       -5109.69      -0.124682      0.0102436       -1.01885        205.527
      501.416        163.273              0        -1370.3       -14.5663       -9823.03      -0.273626    -0.00264369       -1.95959        124.921
      496.282         157.45              0        3402.65       -386.142       -16052.9       0.678899      -0.077007       -3.20332        108.572
      511.667        211.927              0        -683.82       -20.8134       -1683.28      -0.136632    -0.00409764       -0.33507        372.026
      501.667        221.228              0        622.089       -112.006       -3117.21       0.124276     -0.0223962      -0.621653        354.884
      501.667         247.69              0        534.303       -57.8109        1711.22       0.106478     -0.0115145       0.341481         412.78
      511.667        266.862              0       -32.5668        11.6828       -382.377    -0.00669727     0.00227621     -0.0756489        486.183
      511.667        237.483              0       -376.814       -14.0813        1155.79     -0.0751093    -0.00279182       0.231008        423.102
      501.667        198.095              0        2192.22       -119.981       -5060.09       0.437697     -0.0237951        -1.0096        314.089
      511.667        189.484              0        -796.46        10.6591       -2995.73      -0.159045     0.00218137      -0.597304        323.841
      516.282        152.914              0        75.8074       -6.48019         2041.4      0.0151322    -0.00116364        0.40774        136.004
      508.359        117.759              0        94.1751       -38.9656        8998.39      0.0184001    -0.00782109        1.79462        66.6175
      518.843        122.755              0        35.0456        -24.551        1549.28     0.00706743    -0.00512775       0.309251         57.735
       507.85        125.926              0         20.679       -76.7899        8665.15     0.00369636     -0.0151802        1.72846        68.0111
      517.115         136.11              0        26.4807       -21.0215       -2160.02     0.00532259    -0.00417036      -0.431398         102.09
      498.074        115.591              0       -3082.83        -164.88        24309.8      -0.615442     -0.0324981        4.85056        48.5119
      501.485        38.3638              0        504.576        153.281          27312       0.102116      0.0311448          5.455        25.1968
      516.801        170.438              0        104.249        17.9595       -1494.18      0.0207916     0.00368153      -0.298293        141.103
      496.801        174.145              0        2564.21       -167.727        11472.6       0.511762      -0.033429        2.28793        138.633
      495.235        14.1009              0        -4302.7        373.787       -29501.4      -0.858728       0.073757       -5.89175        17.5293
      493.681       -37.7569              0         -26411        94.6748        -103597       -5.27076      0.0170139       -20.6512        20.6066
      507.098        78.4686              0         33.283        -67.775        16192.9     0.00742586     -0.0134116        3.23543        46.7307
       507.15         52.994              0        118.294        5.86587       -17092.6      0.0239518    0.000786581       -3.41106        40.2859
      499.258        48.4629              0        394.502       -438.731       -39591.6      0.0774162     -0.0872845       -7.90618        30.4621
      510.055       -21.7653              0       -101.433       -55.6772       -7465.24     -0.0202717     -0.0113221       -1.48989        44.5632
      510.019       -46.4736              0        47.2993        59.6317       -12243.1     0.00953363      0.0117633       -2.43908        50.5439
      492.842        70.8739              0        19573.4        539.853         111717        3.90965       0.107962        22.2921        12.1645
      495.232         34.643              0       -7394.81        92.1274        61654.2       -1.47858       0.020824        12.2923        17.5456
      493.015        57.8189              0        23478.1         445.34        -113962         4.6834      0.0890952       -22.7344        13.7565
      515.682       -22.4844              0       -51.9071       -17.1106       -3576.27     -0.0103829    -0.00351446      -0.713699        49.7222
      494.535        6.94272              0        -2115.6        225.473       -17455.6      -0.423448      0.0449143       -3.48278        16.6562
      495.289      -0.402105              0        39.2853        -135.85       -548.903     0.00791036     -0.0269439      -0.110364         19.541
      499.315       -8.44804              0       -153.265        15.2658        10058.2     -0.0308846       0.002579        2.00639        22.3687
      493.743       -3.83336              0        -2719.8        997.883       -10966.3      -0.542762       0.199125       -2.18948        21.7126
      501.528        4.29006              0        22.1734       -31.9606       -3987.09     0.00439999    -0.00668063      -0.796601        38.3273
      506.383        -29.897              0        23.8819        34.6779       -14044.1     0.00493296     0.00681987       -2.80183        28.0086
      499.602       -55.5486              0       -426.614        14.0177        37384.4     -0.0847469     0.00252007        7.45906        31.2735
      495.312       -7.12032              0        1537.84        3.40735       -16011.7        0.30694    0.000602454       -3.19615        16.0767
       516.17       -11.0406              0       -20.6433        18.5682       -1684.94    -0.00421825     0.00371715      -0.336169        49.2266
      493.906       -24.3854              0       -14950.7        560.896          66951       -2.98266       0.112151        13.3679        22.9178
      518.978       -5.40644              0       -7.74104        5.01938       -393.838    -0.00160611     0.00100529     -0.0785594        46.0897
      495.525       -27.7826              0        7683.35       -273.144        53971.3        1.53418      -0.054026        10.7742        18.8268
      495.441       -48.2355              0        10816.5        325.976          68698        2.16014      0.0650453        13.6994        19.1532
      507.114       -64.8156              0        -50.918        53.6611       -17259.3     -0.0103087      0.0108138       -3.44543        30.3571
      516.049       -68.4073              0       -29.8173        39.6274       -5510.55    -0.00640369     0.00789514       -1.10048        44.9211
      496.301       -75.6389              0        9541.42        197.847        55271.7        1.90656      0.0394709        11.0249        21.1541
      493.565       -65.6762              0       -22909.4        254.199       -97777.6       -4.57971      0.0519723       -19.5132        19.6403
      494.011       -94.0477              0       -14931.2       -432.228       -57690.7       -2.97677     -0.0855357       -11.4995        28.2299
      494.119       -79.1105              0       -19530.2       -861.255        72229.7       -3.89961      -0.172369         14.411        26.4211
      519.004       -73.9809              0       -36.9102       -29.6181        2417.34    -0.00740781     -0.0054044         0.4824        45.9515
      501.424        24.7424              0       -145.402       -39.1515       -21447.3     -0.0290259    -0.00796067       -4.28439        24.2902
        507.9        87.0883              0       -11.5282        7.61698       -13394.7     -0.0019444     0.00145528       -2.67076        29.6646
      516.287       -78.7449              0        36.5102        41.2379        4901.36     0.00713926     0.00816543       0.977072        35.8602
      510.256        91.8316              0        -19.783        14.6615       -10285.8    -0.00402702     0.00307117       -2.05068        43.0525
      501.786       -96.5428              0        116.177       -65.3764        22161.7      0.0232158     -0.0127627        4.42011        33.4191
      514.499       -116.106              0       -29.1785        2.14681        4527.29    -0.00535862    0.000129802       0.901527        78.7357
      511.069       -147.488              0       -62.8685         -47.42         4568.2     -0.0124821    -0.00935317       0.911975        114.524
      513.287       -102.602              0       -52.0065        1.88331       -6256.25     -0.0105388    0.000372109       -1.24835        80.5855
      503.236       -125.243              0       -58.8856        55.5519        12658.9     -0.0117832      0.0112461        2.52543        76.2745
      499.763       -27.6711              0       -281.682        152.748        27272.3     -0.0562503       0.030202        5.44451        21.9528
      505.844       -101.768              0        18.6139        3.91591          14684     0.00376429    0.000661581        2.92738        62.4262
      497.415       -158.556              0        -3746.9       -228.974        13113.7      -0.747997      -0.045915        2.61686        134.823
      506.806       -188.419              0        608.248         383.73        4420.87       0.121359      0.0765909       0.881669        268.591
      501.069       -149.959              0        1809.14        46.7241        11901.2       0.360937     0.00954034        2.37512        102.801
      501.666        -198.47              0       -1283.94       -118.658       -5346.09      -0.256237     -0.0237616       -1.06535        312.503
      500.603       -75.8215              0       -266.133        327.721        29104.1     -0.0528433      0.0652842         5.8058        17.7441
      510.589       -77.5723              0       -26.0492         1.0622       -11435.8    -0.00505523   8.14273e-005       -2.28111        40.1176
      511.667       -212.267              0        568.659       -10.1005       -1700.83       0.113656    -0.00203869      -0.338712        370.262
      493.886         86.479              0        17117.9        440.346       -73639.9        3.41865      0.0876759       -14.6955        24.6373
      501.667       -221.483              0       -699.665       -122.908       -3017.19      -0.139739     -0.0246767      -0.601611        352.806
      511.667       -237.692              0        348.739       -20.5271       -1033.91      0.0695225    -0.00427901      -0.205632        421.051
      493.107        44.9672              0        21473.8        106.631        -112697        4.28725      0.0214348       -22.4959         14.719
      501.667       -247.798              0       -404.296       -20.3766        1764.65     -0.0803089     -0.0041293       0.351316        410.336
      502.294       -52.2402              0        162.501        29.9738        27817.5      0.0322263     0.00609529        5.55058        30.9248
       498.57        7.88796              0        65.4023       -1.98988       -9833.02      0.0118519   -0.000377663       -1.96354        30.9985
      515.471        57.7517              0        61.6976        20.9389        -6313.1      0.0123344     0.00419906       -1.25939         49.716
      494.935         60.224              0       -10536.7        1096.07       -74250.2        -2.1058       0.219885        -14.806        17.2519
      518.779        85.7804              0       -8.17471        4.64433        2455.03    -0.00161749    0.000917599       0.490027        50.0486
      501.805        52.7918              0        34.2397        60.2167       -30469.7     0.00721249      0.0124266       -6.08472        36.3659
      493.461        79.4979              0        22311.8       -843.418        95286.4        4.44949      -0.168295        19.0078        19.0102
      510.089        34.1212              0       -29.4973        57.6891       -10572.3    -0.00589278      0.0113393       -2.11063        56.2161
      500.155        83.4766              0        554.226       -147.548        29752.1       0.111639     -0.0290777        5.94352        23.5868
      494.762        64.1674              0       -9691.03       -611.652        75770.3       -1.93609      -0.121755        15.1162        16.9268
      515.754        69.3705              0        65.0692       -54.9706       -5738.38      0.0132253     -0.0111818       -1.14634         57.447
      494.599        102.258              0        13928.2        -963.05       -50807.7        2.78032      -0.192651       -10.1374         36.383
      492.842        66.3018              0        28151.5        1219.85         109277        5.62344       0.244142        21.8106        12.0238
      493.912        17.4456              0        10770.4        620.509       -49670.5        2.14716       0.124667       -9.91713        23.6428
      494.152         93.822              0        15884.3        112.034        61125.2        3.17192       0.022908        12.1971        29.1025
      518.498        97.6711              0        1.25577         39.277       -2233.59     0.00032528     0.00772394       -0.44559        56.2439
      515.611        91.8324              0        9.84406        17.5092       -4955.18     0.00199069     0.00360323      -0.988117        55.5911
       495.68        83.0992              0        -9924.7       -48.4484       -58905.8       -1.98216    -0.00926146       -11.7539        19.1787
      495.225        120.758              0        8776.17       -794.629          35720        1.75169      -0.158154        7.12398        55.6936
      497.448        106.446              0       -5644.25       -218.236       -33133.2       -1.12657     -0.0435221       -6.61228         34.649
      507.388        103.499              0        16.7433     -0.0660005       -12168.1     0.00332716   8.50238e-005       -2.42824         62.555
      497.063        125.001              0       -3769.36       -102.093        27211.3      -0.752428     -0.0209512        5.42765        27.1662
      493.504        130.763              0        7471.55        437.115        33982.4        1.49177       0.086796        6.78311        32.7283
      514.291        128.894              0        28.8325        52.2507        3857.88     0.00531874      0.0100915       0.770447        65.9734
      511.416        161.198              0        44.4239       -18.8851         3692.7     0.00879801    -0.00372001       0.736807        125.939
      511.731        143.911              0        106.934        51.9837       -4476.75      0.0212921       0.010392      -0.893648        139.825
      501.731        141.721              0       -1920.77        26.4447       -12305.3      -0.383575     0.00528126       -2.45595        147.682
      496.282        147.571              0         5478.7       -136.546        19744.6        1.09338     -0.0275281        3.93777        96.5946
        514.8        116.183              0        17.8403       -11.4822        4299.07     0.00355849    -0.00237325       0.857144         67.832
       507.13        73.1366              0        386.737         37.024        16670.2      0.0772338      0.0068526        3.32886         42.862
      510.262        69.1548              0        99.0542        43.4618        12213.7      0.0202924     0.00892122         2.4389        46.6457
      496.371        89.9991              0       -7398.14        393.854       -46185.9       -1.47766      0.0782717       -9.21577        24.1617
      497.084        97.9515              0       -6611.34       -195.531        37407.9       -1.32024     -0.0378758        7.45983        37.5254
      503.405        107.636              0       -124.312       -61.9712       -16449.9     -0.0249161     -0.0123711       -3.28259        37.1311
      499.406        75.4549              0       -78.1768        190.227       -36167.1     -0.0161346       0.038213       -7.21238        20.9519
      498.922        58.8704              0        484.028        380.141        41173.3      0.0957074      0.0753336        8.21502         22.792
      519.011        74.8846              0        48.9656       -31.5128       -2417.86     0.00972242    -0.00605061      -0.482698        45.5017
      493.802        48.0832              0       -11043.5        1665.96       -95190.1       -2.20308       0.334676       -18.9938        9.07612
      492.361         51.499              0        28407.5       -2624.06         131801        5.67068      -0.523252         26.305        7.08435
      509.458        57.9988              0       -25.9257       -31.4293       -14020.8    -0.00542177    -0.00587241       -2.79733        47.2167
       518.41        63.0534              0        6.29034        20.4115        3217.99     0.00117655     0.00448558       0.641711         55.518
       494.68        41.4699              0       -8361.21       -12.8956        77187.7       -1.67271    -0.00410759        15.3949        15.8844
      510.138        21.7545              0        32.2422       -40.0086        7480.96     0.00657278    -0.00805571        1.49301        41.9443
      495.559        20.7213              0       -5917.93       -744.836         -42898       -1.18164      -0.149033         -8.565        17.6185
      494.731        54.5027              0       -10131.2        1534.66        79964.5       -2.02275       0.303638        15.9544        9.20408
      493.313        24.1402              0        14058.5        84.6359       -71410.3         2.8101      0.0182085       -14.2605        17.1719
      515.792        33.8334              0        25.2491        49.6065         4652.8     0.00500886     0.00986344       0.927048        59.2335
      518.678        28.1063              0       -9.83909        26.1387        1914.27    -0.00175205     0.00525158        0.38134        51.2009
      518.727        51.8876              0        64.3436        14.5028       -2809.87      0.0128342     0.00279735      -0.560145        50.0251
      515.841        46.2419              0        81.8637        4.98719       -5602.47      0.0160791     0.00106785       -1.11591        54.1137
       493.24        38.0664              0        22316.8       -1116.07        -107166        4.45685      -0.220425       -21.3728        16.1622
      495.638       -41.2173              0        11598.6        1076.98        69814.4        2.31515       0.215261         13.924        22.2051
      515.781        22.0754              0       -19.9949         12.268        3364.59    -0.00392112     0.00256121       0.671068        45.9816
       518.77        17.0049              0       -12.9945       -1.56722        1333.67    -0.00278435   -0.000225646       0.265886        50.0131
      499.555         -41.24              0       -348.888        123.497          35975     -0.0680865      0.0243572        7.17841        21.6349
      493.213        3.26252              0        2098.36        263.039       -11295.9       0.419231      0.0529793       -2.25427        16.3028
      502.517       -24.1815              0       -112.574        48.7365        18678.4     -0.0227703       0.009952        3.72929        20.8514
      499.748       -21.0833              0       -126.788         61.472        22916.7     -0.0254829      0.0127465        4.57592        25.5358
      495.306        27.6134              0       -7379.83        898.439       -56835.6       -1.47323       0.180682       -11.3433        20.9485
      510.173       -10.9662              0        41.4051       -35.5581        4038.94     0.00835537    -0.00722196       0.806189        58.0393
      515.903        11.1741              0        3.96619         47.561        -1987.3    0.000829448     0.00951749      -0.396822        46.8064
        518.8        5.73047              0     -0.0182836        -14.375       -455.706   7.94626e-005    -0.00284776     -0.0915949        49.4035
      518.791       -39.7829              0       -53.6661       -16.4008        2385.45     -0.0107571    -0.00324285       0.475843        49.0855
      518.858       -16.9839              0        -38.056       -7.13361       -1257.39    -0.00767752    -0.00138553      -0.250683        47.9419
      494.705        -14.051              0        2564.73       -194.256       -33708.6       0.511459     -0.0389207       -6.72641        18.2639
      493.136       -17.6572              0       -12743.5        -643.67          57595       -2.54296      -0.128324        11.4957        15.0523
      510.599        81.9587              0       -86.1161       -20.4955       -10673.4     -0.0172482    -0.00417452       -2.12708         39.086
      495.376       -21.1758              0        6350.68        514.658        45477.4        1.26843       0.102117        9.07921        17.6444
      516.112        0.23949              0        5.84784         24.136        152.739     0.00117184     0.00471696      0.0293091        43.6288
      493.285       -31.0869              0       -18713.4       -19.0649        87800.7       -3.73601    -0.00335833        17.5202         16.558
        495.3       -34.3336              0        9993.21       -544.942        68955.3         1.9962      -0.108966        13.7551        17.5209
      507.116        5.10266              0       0.886282        20.8454        2554.94    0.000167977     0.00420849       0.509462        43.1989
      493.624       -44.7957              0       -23197.1        336.657        99950.9       -4.62928      0.0673376        19.9349        20.0712
       518.49       -28.2477              0        14.2404        1.53839       -2279.57     0.00267102    0.000292428       -0.45517        54.2278
      506.867       -43.1928              0        58.3535       -2.48243       -16284.6      0.0115806   -0.000456206       -3.24752        34.6178
      507.546        -52.104              0        61.7909        3.01433        16071.1      0.0124909    0.000780596        3.20621        33.4698
      515.614       -33.9028              0       -15.9625        15.5827        4842.33    -0.00334186     0.00311713       0.967176          53.62
      493.484       -51.6118              0       -22982.8        302.434        -106849       -4.58998      0.0619383        -21.292        18.6854
       518.95       -84.6568              0       -53.9483        53.9777        2352.15     -0.0106645      0.0107028       0.468892        47.5357
      515.781       -57.0867              0       -24.6879       -8.95761       -5908.58    -0.00511629     -0.0018849       -1.17861         52.423
      502.119        71.4128              0        70.7823        155.619       -27242.1      0.0141571      0.0317937       -5.43365        20.2575
      500.427        67.0881              0        276.683       -369.359          32908      0.0559354     -0.0733115         6.5672        29.8187
      510.393       0.237615              0       -24.7957         -67.01       -255.398    -0.00503822     -0.0134855     -0.0520374        46.3533
       515.86       -45.4869              0       -48.6387       -16.0751        5418.95    -0.00970522    -0.00318174        1.08004        50.2039
      518.735       -51.2163              0         -72.78        -15.542        2798.39     -0.0146123    -0.00340027       0.558095        50.0941
      518.712       -62.7845              0       -18.4029       -2.48847       -2975.96    -0.00340879   -0.000768583      -0.592864        50.6674
      493.133       -58.4315              0       -25331.3       -533.089        -127275       -5.05329      -0.106471       -25.3677        15.0934
       494.95       -55.0204              0        10303.4       -1492.22        76055.1        2.05754      -0.298019        15.1799        16.6105
      495.032       -62.2145              0        12495.9       -29.1873        83099.8        2.49669    -0.00499454        16.5871        19.8068
      494.293       -132.645              0        -7416.2        47.0635       -30365.5       -1.48053     0.00960554       -6.05959        46.5641
      514.168       -89.8916              0        18.5151       -3.71708       -6435.31     0.00384654   -0.000790567        -1.2829        80.1437
      507.263       -5.33396              0       -10.2492       -95.2679        2807.14    -0.00155357     -0.0193084       0.558987        52.9906
      493.848       -72.3639              0       -25669.4       -1017.85        -100038       -5.12057      -0.204275       -19.9459        22.8918
      495.747       -69.2289              0        11159.6        966.179          67317        2.22813       0.192147        13.4319        18.5994
      496.052       -89.7207              0        5828.08        242.818          48261        1.16315      0.0468694         9.6278        25.2397
      493.708       -86.3473              0       -14810.4       -1498.81       -78123.9       -2.95218       -0.29767       -15.5687        23.1684
       501.73        95.8013              0       -46.5802       -4.05734       -21758.9    -0.00972523   -0.000271862       -4.34013        31.1243
       506.79        25.7663              0        57.8573       -77.5647       -12446.4      0.0116923     -0.0155674       -2.48602        29.4145
      496.161        -82.375              0        7494.23       -747.752        52204.4        1.49609      -0.147922        10.4129         22.941
      494.224       -102.197              0       -12979.8        -1930.3        49026.9       -2.59065      -0.384956        9.77884        32.5517
      496.806       -126.345              0        2957.53       -832.598       -24686.4       0.590375      -0.166179       -4.92733         50.554
      502.779       -79.9103              0        59.5377        10.8509        22952.8      0.0117201     0.00211017        4.58022        23.7246
      516.885       -96.8532              0        41.5322      -0.168603        3777.71      0.0084364   -0.000123546       0.752296        86.1058
      518.096       -123.162              0       -33.7548        14.3024        1971.07    -0.00657915     0.00250265       0.393018        73.6475
      518.069       -109.477              0       -60.1133       -17.4098         2425.7     -0.0121441    -0.00332167       0.483007        68.3082
      502.664       -106.519              0       -100.138        58.4942        18497.2     -0.0201833      0.0116613        3.68994        56.7104
      493.704       -111.041              0       -13394.2       -74.1337       -54055.1       -2.66988     -0.0146901       -10.7855        28.3027
      496.568       -97.5444              0         5962.9       -372.126       -39831.4         1.1893     -0.0740988       -7.94706        29.6487
      496.262       -105.947              0        4660.31       -1190.33       -38035.7       0.930072      -0.236708       -7.59015        29.0124
       502.62       -112.723              0       -370.974       -58.8064       -16410.8     -0.0741658      -0.011651        -3.2762        65.0552
      516.806       -186.825              0        17.9906       -49.3367       -1297.99     0.00394391    -0.00977999      -0.257872         156.66
      502.554        -166.63              0        1310.35       -444.576        9105.68       0.261655     -0.0888589        1.81555        173.122
      507.012       -117.257              0         161.76        15.7088        10283.5      0.0323378     0.00316392        2.05014        85.8978
      500.519       -82.9922              0       -12.7214       -233.778       -28596.7    -0.00227498     -0.0472238        -5.7023        23.7233
       507.61       -81.2512              0       -15.0518        40.7209       -14999.4     -0.0030248     0.00826993       -2.99232        37.4224
       494.18       -120.872              0       -9363.27       -626.861        37712.7        -1.8699      -0.125208        7.52405        39.2373
      496.217       -115.237              0        2420.07        1090.29       -32445.5       0.484665       0.216852       -6.47538        34.6593
      496.806       -176.882              0       -2833.03       -22.6685          12038      -0.565292    -0.00463934        2.40117        138.033
      495.321         -144.4              0       -4643.09       -138.377        19727.2      -0.927287     -0.0273232        3.93974        76.1687
      497.947       -137.832              0        2426.55       -84.7675        18473.2       0.484396     -0.0169834        3.69015        46.5854
      517.415       -154.033              0        17.6542       -17.2346       -1586.62     0.00337246    -0.00343839      -0.317051        107.753
      507.905       -130.403              0        66.9924        59.7362        7909.65      0.0133167      0.0120688        1.57808        77.2618
      512.554       -164.578              0       -50.8993        34.7137       -3035.57     -0.0101718     0.00697179      -0.606434        142.847
      516.806       -173.236              0       -31.2181       -6.62855       -1326.37    -0.00633762    -0.00121081      -0.264406         140.53
      510.432       -56.9876              0       -22.9386       -73.9894        11961.7    -0.00463758     -0.0150642         2.3869        42.8911
      509.269       -34.0156              0        228.636       -98.3662        11436.9      0.0459525     -0.0199137        2.28375        59.2828
      506.363       -38.5258              0       -47.9771        0.09056       -16592.1    -0.00944472    0.000408017       -3.30802        34.0039
      507.165        43.5017              0       -21.1354       -3.57058       -16438.7    -0.00422225   -0.000434369       -3.27996        32.3654
      498.629        41.5593              0       -207.322       -237.846        40150.2     -0.0464431     -0.0470751        8.01244        25.8768
      507.026        39.1471              0        215.958        39.3693          15736      0.0440201     0.00782758        3.14244        29.9953
      498.718        55.4157              0        363.708        189.937       -42253.5      0.0725377      0.0372443       -8.43848        17.7206
      510.277        47.1013              0       -13.9574       -65.7303       -12123.5     -0.0025531     -0.0132328        -2.4171        49.1468
      506.077        97.4019              0        18.5598         16.164       -14922.5     0.00374869     0.00335451        -2.9767        53.1511
      509.938        10.5481              0        29.9451       -15.6425        3918.38     0.00602051    -0.00314403       0.782288        50.1285
      507.101       -25.2716              0         -124.1       -52.5422       -11568.9     -0.0250045     -0.0103342       -2.30986        26.3341
      499.915        21.1266              0        57.4002       -71.2827       -22564.1      0.0112117     -0.0147987       -4.50554        23.4163
      498.708       -13.0848              0       -87.6793         403.62       -17058.9      -0.016929      0.0806935       -3.40051         29.426
      501.179       -30.9611              0       -4.98602        -49.214        25084.2    -0.00140962     -0.0101029        5.00835        24.6956
      507.133       -60.7383              0       -34.3546       -44.2632       -17299.3    -0.00690921    -0.00895718       -3.45254        29.7514
      512.503       -140.788              0       -27.6071         36.695       -4244.46    -0.00548158     0.00716287      -0.846754        82.6884
      515.279       -129.472              0        1.92332        6.60822        3286.02    0.000415043     0.00147259       0.655425        55.2939
      507.937       -72.9758              0       -34.8904       -79.2576       -15415.7    -0.00686275     -0.0156947       -3.07616        32.8214
      510.681       -68.5748              0       -1.69655        5.06558        11609.1   -0.000411014     0.00113062        2.31706        41.0737
       499.06        27.8103              0        351.458        81.3911        31079.1      0.0704287       0.014739        6.20169        21.6113
      501.711        31.6958              0        297.012        141.891          24215      0.0593206      0.0270984        4.83257        20.6304
      499.529         34.851              0        69.8839        394.779        32424.7     0.00818757      0.0762866        6.47006        25.3208
      503.007        87.3085              0       -39.0684        3.44807        21552.2    -0.00742903    0.000850142         4.3024        26.4776
      501.016        90.4513              0        250.679        34.7315       -25551.3      0.0499448     0.00750371       -5.10141        22.8231
      506.904        63.0848              0       -15.8788        27.1839       -17884.4    -0.00371678     0.00503829       -3.56734        36.9552
      502.081        62.7419              0       -71.4273        233.069       -28787.2     -0.0134515      0.0465345       -5.74573        34.4279
      501.492        45.0656              0        38.8278         97.995        29877.6     0.00808243      0.0195541        5.96358        26.9811
      499.269        12.7042              0       -120.451        90.6398        15027.2     -0.0241238      0.0178208        2.99997        29.0034
      502.303        16.4542              0        23.9193       -72.9283       -13575.5     0.00503042     -0.0148687       -2.70912        37.1577
      507.161        16.0581              0        85.3192       -33.4284        7797.94      0.0172204    -0.00673347         1.5565        53.9432
      501.513       -16.5986              0        56.5408        77.3853        15271.9      0.0109982      0.0156856        3.05042        39.7381
      507.235       -16.1905              0        -38.299         4.3059       -7718.84     -0.0076882    0.000841726       -1.53959        42.0328
      500.378       -69.2484              0       -24.6372        323.811       -32735.6    -0.00242751      0.0647369       -6.52748        24.2499
      502.781        -72.566              0         178.91        400.457        24567.8      0.0356993      0.0796053         4.9021        25.6769
      502.028       -5.07878              0         22.525        36.6681        4640.64     0.00452761     0.00783182       0.924183        35.2906
       499.57      -0.319805              0        13.9615        64.9267       -303.109     0.00289421      0.0127742      -0.060535        27.4499
        499.6       -48.3358              0         126.96        96.8965       -36202.3      0.0280647      0.0186846       -7.22257         23.069
        501.7       -44.9187              0       -121.212        5.72939       -28514.5     -0.0244804    0.000277335       -5.69053        22.0558
      501.253       -37.7653              0       -162.038       -49.8851        28776.7      -0.032866     -0.0103248        5.74644        18.2207
      498.955       -34.3192              0       -391.584       -283.659        35462.6     -0.0775566     -0.0569209        7.08008        17.4358
      518.849       -136.674              0       -33.6603        19.7028        1267.58    -0.00673526     0.00389471       0.253234        63.7446
      498.802       -62.4178              0       -651.762       -6.32155        40996.5      -0.129711   -0.000720389        8.18267         24.906
      501.554        -59.163              0        558.005       -87.8329        30473.3       0.111855     -0.0180136        6.08236        25.7643
      501.967        -65.899              0        49.2265        92.4179        28603.9     0.00963749      0.0189328        5.70865        22.8163
       505.13       -136.691              0       -196.622        24.0265        9559.87     -0.0394827     0.00484759        1.90902         61.585
      508.526       -87.6586              0       -16.1477       -32.5887        12862.9    -0.00354938    -0.00656867         2.5691        49.9414
      503.587       -91.1418              0        116.012       -61.0864        19766.5      0.0231816     -0.0119005        3.94597        43.1052
       500.41       -87.8164              0        471.208       -60.0677       -26803.9      0.0948079     -0.0129978       -5.34605        26.4246
      502.512        127.759              0       -35.4575       -1.56497       -13161.1    -0.00708193   -0.000297465       -2.62916        57.1861
      498.953        133.521              0       -1969.69        13.7058       -17374.1      -0.393239      0.0027712       -3.47019        68.3739
      495.176        71.5937              0       -8932.29        500.331        69509.2       -1.78736      0.0999314        13.8568        18.1919
      497.096          67.16              0        538.648       -348.746         -47778       0.106632     -0.0700467       -9.52392        13.1059
      495.517        49.2993              0        289.386       -25.6695       -64718.1      0.0562239     -0.0049111       -12.9159        10.4092
      494.077        52.7152              0       -9593.36       -417.359        93285.1       -1.91473     -0.0828708        18.6119        7.68286
     -51.6665       -221.367              0        745.135        -106.39       -3250.01       0.148897     -0.0215252      -0.646912        353.476
     -61.6665       -266.893              0       -46.9005       -1.67416        -408.53    -0.00938944   -0.000330916       -0.08094        484.815
     -51.6665        277.666              0        13.7109       -14.6761        400.419     0.00273133      -0.002939      0.0799861            450
     -46.8669       -176.725              0        2766.26        28.5194       -11378.4       0.551802     0.00556376       -2.27082        139.923
     -44.7812        131.696              0       -7781.54       -180.042        29362.6         -1.552     -0.0361684        5.85835        55.4841
     -51.6665       -277.666              0       -2.66174       -40.0164        -404.42   -0.000455098    -0.00794823     -0.0803558            450
     -46.9771       -158.936              0        3309.99       -265.607        14571.7       0.661085     -0.0526727        2.91052        124.716
      -65.592        68.2537              0       -29.4736       -26.9274       -5940.28    -0.00573218    -0.00490264       -1.18575        55.2208
     -51.6665       -198.197              0        1136.12       -183.536       -4844.89       0.226805     -0.0364249      -0.967147        313.117
     -61.6665       -211.976              0       -612.921       -17.8601       -1734.92      -0.122636    -0.00336323      -0.344783        376.091
      -43.702        102.218              0       -13583.4       -394.174       -57757.9       -2.71178     -0.0779016        -11.523          25.59
     -43.8778        -23.872              0        14360.9        1734.39        62485.8        2.87029       0.345612        12.4705        22.6979
     -43.8842        -44.849              0        19212.7        556.545       -94272.3        3.83407       0.111412       -18.8074        22.7707
     -46.3624        175.024              0       -3266.56        37.8779       -12236.9      -0.652181     0.00758227       -2.44228        126.882
     -43.3225        3.48647              0       -2398.53        477.249       -12152.6       -0.47725      0.0962133       -2.42086        17.1045
     -66.9771       -153.606              0        1.65897      -0.836185        1848.87    0.000623536   1.99899e-005       0.369761        118.489
      -45.649       -27.2271              0       -7694.03        733.934        48819.2       -1.53802       0.147826        9.73898        22.0743
     -61.8304        21.0811              0       -16.2203       -1.87899        -6067.3    -0.00303548    -0.00019992       -1.21181        44.7698
     -45.1262        -7.5706              0       -2387.59        82.2715       -17927.3      -0.476317      0.0156133       -3.58321        18.2414
     -60.7426       -56.3399              0       -16.4468        55.3882        11929.4    -0.00314595      0.0113165        2.38281         42.091
      -68.964        28.2351              0       -41.5465        1.03655       -1823.67    -0.00819644    0.000413195      -0.364349        45.8369
     -45.2337      -0.249633              0       -29.8942       -141.977       -508.931    -0.00596965     -0.0284369      -0.100283        21.9241
     -60.3599       -147.455              0        164.661       -15.8385        5029.21      0.0333051    -0.00348445        1.00458        141.086
     -45.4729        14.0092              0        4994.29        325.405        31381.7       0.996239        0.06476        6.25841        15.3807
     -42.8271         70.848              0       -23058.6       -2111.43        -125195       -4.60627      -0.420469       -24.9722        12.0908
     -52.1775       -167.022              0       -1469.75       -68.9535       -8197.52      -0.293462     -0.0139188       -1.63572        155.661
     -65.4551         45.924              0       -39.7661       -29.6374        5941.89    -0.00773416    -0.00583646        1.18542        51.0324
     -48.3924         27.769              0       -370.713        -84.512        32119.3     -0.0716513     -0.0173529        6.40801        25.7468
     -43.1331         45.304              0        7239.58        1916.19         111868        1.44333        0.38478        22.3199         4.2563
     -50.5625        81.6759              0       -125.793        230.903       -30278.8     -0.0242061      0.0460134       -6.04139        26.8623
     -60.0396        80.8252              0        34.2139        33.6162        11343.1     0.00706691     0.00698459        2.26382        34.0747
     -68.7107        62.3724              0       -68.8817       -11.5397        2810.06     -0.0138322    -0.00237484       0.560032        50.3145
     -66.8669       -172.338              0        21.9659        12.5568        1320.53     0.00442802     0.00249446        0.26352         140.95
     -62.1775       -164.555              0        126.619        29.1384        3255.61      0.0250232     0.00592825       0.649942        139.707
     -48.7184        137.972              0        1419.71         285.06        16880.9       0.284073      0.0563146        3.36882        70.9505
     -67.9564       -109.057              0        43.9165       -26.0466       -2426.03     0.00876681    -0.00518165      -0.483737        70.0903
     -58.2358        116.876              0       -115.544       -109.264         9179.5     -0.0235038     -0.0214108        1.83062        68.7115
     -49.5395        40.5527              0       -261.035       -114.051       -35372.9     -0.0518267      -0.022631       -7.05371        18.5634
     -43.9546       -110.516              0        7039.23        898.609       -48102.5        1.40382        0.17913       -9.59995        31.9945
     -43.5585       -72.4612              0        26617.7       -733.581        -101341        5.30908      -0.146564       -20.2138        19.6043
     -54.8226        124.077              0       -133.205       -30.7314        11908.9     -0.0267906    -0.00631041        2.37587        72.8592
     -43.6047       -86.1888              0        18250.7       -259.379       -83191.4        3.64062     -0.0502064       -16.5898        22.0075
     -52.6931        165.585              0        1269.27       -317.069       -8338.33        0.25322     -0.0630697       -1.66516        116.704
     -43.4738       -51.3394              0        28891.5        352.258        -115195        5.76453      0.0700503       -22.9716        18.6157
      -69.103       -61.9589              0        55.0768       -2.02025       -2434.76      0.0111231    -0.00042001      -0.485328        43.6937
     -51.6665        221.262              0       -1215.04        40.9136       -3659.28      -0.242505     0.00796138      -0.729213        355.191
     -61.6665        237.594              0        311.814       -19.6596        1011.88      0.0623199    -0.00409846       0.201803        423.215
     -43.4977       -17.3327              0        11094.8        1781.22       -51036.1        2.21283       0.355169       -10.1813        18.8483
     -62.6931        163.382              0       -36.7266        36.6927        2536.07    -0.00719232      0.0073172       0.506115        91.3489
     -61.6665       -237.585              0       -351.025       -18.9613       -1211.06     -0.0700552    -0.00402686      -0.240566         422.86
     -43.3379        10.6179              0       -6166.61        438.556       -33314.4       -1.23048      0.0877258       -6.63874        17.2263
     -59.0828        16.0055              0       -2.86565        23.3698       -6364.62   -0.000426681      0.0046588        -1.2705        33.8572
     -61.6665        266.924              0        34.3285       -2.90165        348.485      0.0068507   -0.000577827      0.0695782         483.43
     -51.6665        247.742              0       -247.248       -74.5456        1385.86     -0.0494203     -0.0149348       0.276937         413.19
     -50.3599       -150.318              0       -1575.79       -76.0399        12791.9      -0.315707        -0.0163        2.55398        103.996
     -61.6665         211.98              0        662.291        -11.482       -1818.56       0.132437    -0.00216037      -0.361658        374.225
     -51.6665        198.067              0       -1547.47       -107.992        -5523.9      -0.308779      -0.021467       -1.10249        314.364
     -69.0522       -5.50921              0        2.57892        -9.0683        420.929    0.000505431    -0.00166903      0.0839903        44.4917
     -45.6915       -48.1027              0       -8229.89       -1339.25         -69281       -1.64427      -0.264793       -13.8187        17.4084
     -57.7973        25.3065              0       -31.6817        3.44454        10805.3    -0.00656908    0.000499213        2.15337        41.9163
     -68.2436       -122.204              0        65.9753        7.60938           2155      0.0130039     0.00168983       0.429218        69.7973
     -45.6037        144.796              0       -5017.72       -355.021        20233.8        -1.0014     -0.0706807        4.03801        82.4314
     -68.3923        122.616              0       -28.3071        -5.5375        1753.38    -0.00567376    -0.00128516       0.349777        66.9033
     -65.1827        80.1336              0       -50.8481       -2.07413        5927.97     -0.0103517   -0.000468497        1.18353        58.4799
     -67.4393        96.3047              0        10.3374        -6.4338       -3502.32      0.0017901    -0.00112539      -0.699379        74.8397
     -66.3624        171.136              0        30.0976       -59.1827       -1397.73     0.00599823     -0.0118271      -0.278726        155.677
     -43.8661        85.7065              0       -15740.2       -558.143       -65966.4       -3.14287       -0.11222       -13.1679        24.6855
     -68.5478        74.0028              0       -63.2313       -2.19501        2858.49     -0.0127673   -0.000403689       0.570553        53.3755
     -45.1327       -76.1441              0       -9305.18       -466.408        59510.3       -1.85804     -0.0923399        11.8769        17.8554
     -44.4722        34.7214              0        8597.59        1304.73       -72664.8        1.71573       0.261265       -14.4952        14.4045
     -60.6696         34.125              0        1.92065         29.485        10032.8    1.2949e-005     0.00587631        1.99971        56.4378
     -65.7453        10.7026              0       -31.7938        -50.125       -1439.59     -0.0063394    -0.00997785      -0.287537        42.3251
     -66.2873         34.154              0       -41.5322        -7.1667       -4355.21    -0.00812718    -0.00144042      -0.868729        51.8448
     -52.2553       -30.9908              0       -40.8593       -177.419       -21218.9    -0.00822112     -0.0354737       -4.23437        29.1483
     -43.3272        23.8351              0       -18220.2        792.019       -73127.4       -3.63638       0.158657       -14.5862        16.9766
     -45.4623         20.383              0         5099.7       -1209.25       -42353.7        1.01763      -0.241453       -8.44761        19.1201
     -58.1307        129.581              0       -3.45768       -58.5465       -8016.91   -0.000880424     -0.0114742       -1.59991        55.3741
     -42.2457        64.8857              0       -37661.4       -331.953         148463       -7.52476     -0.0666934        29.6412        5.98275
     -69.3856        16.5639              0        7.04023       -80.7186       -838.591     0.00134377     -0.0162493      -0.167668        38.6959
     -57.7386       -30.2885              0       -25.2309       -11.2842        12760.2      -0.005101    -0.00236054        2.54848        29.9596
     -48.0968        124.896              0        3626.11        287.918       -24533.8       0.724196      0.0576006       -4.89454        66.4919
     -43.8015        17.0296              0       -10440.8        563.129       -49173.5       -2.08194       0.112445       -9.80422        21.9194
     -43.3967       -65.6804              0        19206.4        1259.21         100933        3.83531       0.250421        20.1386        17.8808
      -68.921       -28.3521              0        45.6194       -39.8867        -1890.2     0.00916313    -0.00766549      -0.377633        46.7132
     -45.1789        -82.666              0       -6640.27       -254.295        56782.3       -1.32831     -0.0523843        11.3221        15.0974
     -43.5289       -94.1887              0        17241.2       -846.092       -65622.2        3.44617      -0.170019       -13.0997        22.2422
     -59.5954        57.4015              0        114.577        69.3007       -13398.9      0.0227138      0.0135564       -2.67154        37.9017
     -51.6665       -247.756              0        499.491       -69.8322       -1848.12      0.0992871     -0.0139593      -0.367237        411.156
     -68.1318        51.3124              0       -23.4841        11.2923        3571.73    -0.00450903     0.00229294       0.712159          59.96
     -59.5588       -67.4394              0        89.0816        2.03783       -13199.7      0.0179514   6.20382e-005       -2.63307        56.7441
     -50.6095        20.2744              0       -334.918       -51.2367       -20209.6     -0.0664883     -0.0107145       -4.03209        32.8184
     -44.4445        53.8099              0        11331.3        61.7175       -86976.7        2.26281      0.0119789       -17.3529        15.3372
     -57.9517       -5.72755              0       -35.5659       -7.91034       -2543.02    -0.00692969     -0.0017676      -0.509167        45.7442
     -44.6321       -120.365              0        9459.94       -189.036       -35601.6        1.88738     -0.0371307       -7.10409        46.5048
      -57.416        42.4001              0       -40.4859        21.3727       -16257.7    -0.00768044     0.00452315       -3.24343        29.4573
     -45.5483        106.739              0         3755.7       -145.452       -38598.9       0.749932     -0.0292892       -7.69794        24.9963
     -66.2606       -10.9191              0        1.89658        7.89279        1653.07    0.000256223     0.00158993       0.329368        42.5076
     -64.0741        90.8634              0       -67.6817        47.1058        6513.93     -0.0135617     0.00936192        1.29881        49.2008
     -68.8568       -84.7971              0       -26.0862        11.2162        2391.65    -0.00488837     0.00230779       0.478941        48.3534
     -65.3082       -79.2351              0        10.1621        39.6205       -5819.72     0.00193154      0.0080672       -1.16205         49.385
     -68.1179       -73.7204              0        24.5127        15.7452       -3476.82      0.0050295     0.00301072      -0.694282        60.6481
     -61.9344        148.627              0       -13.5116       -21.8977        4276.51    -0.00245518    -0.00432753       0.852769        115.689
     -67.9972        153.988              0       -29.3161        55.6232         1173.3    -0.00555735      0.0107923       0.233802        93.1631
     -47.9972        158.807              0       -2723.59       -270.517        12341.4      -0.543531     -0.0539033        2.46296        148.961
     -60.8774       -10.8642              0       -1.87459        14.0764       -3577.43   -0.000333687     0.00279975      -0.715353        42.0114
     -60.2953        11.0324              0       -40.7806       -15.5984       -3950.62    -0.00823489    -0.00305842        -0.7886        42.2126
     -51.8274        53.8783              0        220.779       -6.21853       -29145.9      0.0435835    -0.00107527       -5.81801        48.1531
     -50.2421       -27.1733              0         582.15        158.442        24908.3       0.116349      0.0314185        4.97291         29.547
     -49.6518       -54.9254              0        603.003       -235.738        38677.1        0.12039     -0.0476682        7.71492        28.1143
     -44.9939        7.33309              0        1967.25        439.561       -17828.2       0.392896      0.0879361       -3.55206        19.0409
     -45.0462       -14.1805              0       -4121.65        330.202       -32316.8      -0.823182      0.0669625       -6.44889        15.2709
     -43.5777       -3.84645              0        2459.56         167.76       -12349.6        0.49095      0.0323131        -2.4662        19.7471
     -65.4119     -0.0436022              0        9.60921        2.12597        79.7122     0.00177611    0.000467058      0.0167255        51.3045
     -43.6299        47.7685              0        11710.2       -633.965       -96813.9        2.33588      -0.126916        -19.312         6.3996
     -55.8409        -101.99              0       -41.9509        133.936        13872.9    -0.00852928       0.026156        2.76803        78.7405
     -68.0262        5.65411              0        10.4128      -0.456979       -604.125     0.00212468    -0.00022066      -0.120367        61.8398
     -42.8157        50.7738              0       -33613.7       -2047.92         126164       -6.71181      -0.410002         25.178        11.7818
     -46.9201       -114.503              0       -3253.48        87.5647       -27418.2      -0.650308      0.0176994       -5.47332        40.7853
      -64.993       -134.861              0       -65.2309       -3.01386        3492.77      -0.013232   -0.000568179       0.695535        149.039
      -44.993       -132.323              0        6311.76       -305.413        30086.3        1.25938     -0.0608252        6.00052        59.1375
     -52.4773       -5.34733              0       -23.5341       -11.3772       -4430.65    -0.00522276    -0.00234533       -0.88494        38.7656
     -45.2637        -54.722              0        -9521.5       -2231.01        74483.2       -1.90224      -0.443855        14.8559        19.5015
     -56.1107        3.62958              0       -3.19358        -66.068       -2087.16   -0.000696123     -0.0133298      -0.415928        25.7054
     -46.1828       -105.599              0       -5402.44        345.314         -38769       -1.07831      0.0695622       -7.73964        25.9558
     -51.4135        -96.814              0        351.745        22.6998       -23037.7      0.0700735     0.00476157        -4.5977        40.8973
     -47.9586       -125.768              0       -2385.04       -240.775       -21246.2      -0.476557     -0.0482697       -4.23975          64.58
     -46.4639        97.7852              0        5038.22       -427.835       -41120.7        1.00592     -0.0851696       -8.20466        36.0132
     -68.9898        40.0563              0       -24.7037        28.0582       -2259.53    -0.00479762     0.00556575      -0.450804        45.3937
     -57.1523        -83.454              0        16.5597        26.0682       -15318.3     0.00330912     0.00546357       -3.05628         38.535
     -59.5678        46.2932              0       -29.6193        53.2095       -13206.2    -0.00611682      0.0106134       -2.63544        46.0403
     -43.4063        67.3721              0        11170.3       -1464.28       -98883.7        2.23182      -0.291139       -19.7348        6.56009
     -57.3643        77.3833              0       -160.541         26.454       -15676.4     -0.0316117      0.0046804        -3.1266        26.1293
     -44.4284        93.4729              0       -16017.7       -601.241        60908.4       -3.19486      -0.119645         12.144        32.5996
     -63.6127       -102.426              0        57.4486       -61.1648        6111.08       0.011513     -0.0121312        1.21949        85.6236
     -68.3013        85.6729              0        16.5044        9.88218       -2932.95     0.00306555     0.00198753      -0.585006        58.0673
     -45.7056        81.9422              0        8339.69       -334.152       -60035.8        1.66569     -0.0673845        -11.978        19.4259
      -46.628        89.1839              0        7907.24       -348.219       -46340.1        1.57833     -0.0698326       -9.25173        30.4422
     -44.9822        119.629              0       -10134.8        -79.002       -38640.6       -2.02447     -0.0152811       -7.71119        51.9154
     -46.8284        114.745              0        5073.44       -413.481       -35224.6        1.01275     -0.0822366       -7.03022        26.2578
     -63.9671        102.536              0       -1.25671       -21.2088       -5921.75    -0.00048319    -0.00429263       -1.18209        83.9838
     -64.9201         116.19              0       -26.2021         16.996        -4250.2    -0.00540379     0.00350487      -0.849352        70.1166
     -52.2368        96.9009              0       -228.768        -79.157        20878.8     -0.0459436     -0.0159367        4.16748        47.5704
     -43.5128        110.975              0       -10607.4        -1346.3       -50800.1       -2.11635      -0.269114         -10.14         26.019
     -67.3228        -96.181              0        3.27515        25.0849       -3482.74    0.000886344     0.00486193      -0.695769        77.0571
      -64.513       -90.1312              0        19.3743       -2.28878       -6171.21     0.00368314   -0.000527042       -1.23043         60.286
     -45.2887        -69.418              0       -6864.32         730.54       -66495.4       -1.37148       0.145439       -13.2633        17.5261
     -58.5995         90.157              0        4.92785       -7.87881       -12059.7    0.000826461    -0.00161834       -2.40605        24.0722
     -68.1943        109.298              0       -41.4601       -19.3059       -2430.24    -0.00874517    -0.00383645      -0.486292        65.3585
     -43.2407       -79.3855              0        14098.2        9.95624        78278.1        2.81682    0.000941537         15.615        16.8591
     -66.3545       -56.6544              0        12.7435       -21.6363        5168.79     0.00263352     -0.0043891        1.03321        38.1788
     -60.8101        -21.569              0        37.6257       -1.27436       -6737.98     0.00764282   -0.000256305       -1.34558        48.2856
     -56.3624        179.343              0        436.476        310.936       -5431.25        0.08716       0.061946       -1.08387         164.89
     -61.6665        189.396              0        871.601         -50.18        -2557.8       0.173924     -0.0100709      -0.510756          327.7
     -65.5544       -67.8068              0        49.3759       -18.3016       -6127.85     0.00975004    -0.00386585       -1.22222        57.5494
     -68.8286       -39.4225              0        62.5835        48.5769       -2356.98      0.0124734     0.00923149      -0.471087        48.1729
     -66.0831       -33.9323              0        14.4337        29.7973       -4360.38     0.00269553     0.00586285      -0.869941        44.1695
     -66.1294       -22.4132              0         39.835        37.5407        3236.26     0.00801554     0.00761019       0.646653        52.5755
      -68.875       -16.5643              0        19.9406         12.987       -1199.05     0.00410104     0.00258221      -0.239317        47.5593
      -49.743       -8.89984              0       -132.468        49.6597        9865.49     -0.0268715     0.00964439        1.96712        31.3654
     -58.3758       -139.288              0          54.85        13.7868        6905.77      0.0108479     0.00248221        1.37586        97.3048
     -66.6831        21.9694              0       -47.8231        33.7118       -2903.55    -0.00967694     0.00662857      -0.580558        47.1482
     -57.0856       -38.3066              0       -26.7815        75.9915        15864.9     -0.0055616      0.0155771        3.16325        28.5035
     -43.5737       -38.4762              0        20236.6        141.258         110160        4.04004      0.0289324        21.9652        19.5312
     -45.7914       -42.0858              0       -11048.6        290.902        63838.9       -2.20653      0.0549951        12.7256        16.2531
     -58.1947       -25.3642              0        159.846       -74.5886       -10007.7      0.0318427     -0.0146833         -1.998        29.8862
     -52.5149        72.0738              0       -152.133        81.1299         -26879     -0.0317603      0.0156327       -5.37029        27.9678
     -51.9344        151.243              0        1692.36        307.645        10249.2       0.337933      0.0613265        2.04525        98.3164
     -64.5335       -115.777              0       -25.4196       -49.2198        4572.05    -0.00543781    -0.00976772       0.911382        71.3072
      -57.499       -116.941              0       -37.2834        15.8149        9983.53    -0.00778389     0.00309029        1.98956        70.0406
     -49.6186        75.8242              0       -275.271        39.0989       -34497.6     -0.0546111     0.00958987       -6.89211        17.4486
     -51.1533        88.8601              0       -441.374        125.502        24364.9     -0.0874964      0.0250896        4.86042        24.3333
     -54.7266        92.2648              0        -34.467       -23.5728       -17545.2    -0.00681011    -0.00417448       -3.49923        23.7046
     -53.3563        112.811              0       -100.657        43.0261       -15539.6     -0.0197261      0.0076252       -3.09891        46.5346
     -56.0027        102.532              0       -168.331        191.543       -13587.5     -0.0335856      0.0380635       -2.71028        90.7398
     -52.0761        107.937              0       -200.619       -74.6974       -18668.2     -0.0389398     -0.0145632       -3.72162        59.2023
      -65.176         56.919              0       -56.5932        47.3135        6565.76     -0.0111313     0.00945603        1.30878        51.4389
     -56.6638        52.1641              0        80.0184        25.9834       -17483.7      0.0159132     0.00526887       -3.48778        38.7211
     -53.1516       -23.5639              0        89.2858        33.5327          16645      0.0178181     0.00668969        3.32261        27.1389
     -52.4727       -106.527              0        584.715       -261.686       -18179.3       0.116839     -0.0520288       -3.62901        45.6862
      -43.506        78.7486              0       -19020.3       -1470.49       -86907.7        -3.7981      -0.293983       -17.3427        19.5836
     -45.6591        75.5307              0        8400.91         981.68       -67319.6        1.68014       0.193644       -13.4311        17.6682
     -45.7572       -97.8267              0       -7665.73         184.45       -48354.7       -1.53053      0.0360419       -9.65004        22.8267
     -43.8947       -102.075              0          12898        230.818         -58637         2.5733      0.0448534       -11.7048        28.0164
     -60.3076       -34.2313              0        -8.6036        74.8589        10694.3    -0.00190835      0.0153609        2.13475        47.1195
     -51.1139        31.2169              0        123.095         36.303         -25869      0.0244791     0.00785065       -5.16389        24.6047
     -45.3613        60.4565              0          11203       -479.171       -72347.3        2.23718     -0.0946767       -14.4352        18.0168
     -43.2954        57.6497              0       -20445.8        28.3833        -113136        -4.0797     0.00594429       -22.5739        16.7264
     -51.9002       -83.8075              0        156.546       -2.16171        25407.4      0.0316344    0.000330755         5.0711        29.7272
     -49.5694       -35.1137              0        21.1883       -167.232       -31477.1     0.00489214     -0.0333563       -6.27946          32.26
     -43.0456        31.0039              0       -18620.6        11.2562       -88980.8       -3.71607     0.00200129       -17.7601           14.1
     -59.6947      -0.316873              0       -62.0868       -36.8907        170.307     -0.0124881    -0.00749011      0.0355743        42.7417
     -43.7454        40.6489              0        13426.7       -369.164        97013.4        2.67613     -0.0726225        19.3218         5.8523
     -43.0931         37.842              0       -24910.5        1008.65        -104437       -4.96738       0.200246       -20.8243        14.5993
     -44.7064        27.5323              0        4458.58        831.699       -59848.7       0.891064       0.164794       -11.9378        18.0996
     -49.2932       -68.7654              0        182.717        447.644        38147.1      0.0361594      0.0894209        7.60989        22.2633
      -49.191       -63.8272              0        478.558       -48.8314        39780.5      0.0944945    -0.00900188        7.93727        28.2335
     -51.8489       -60.1806              0         317.36       -132.784        30192.8      0.0644044     -0.0265309        6.02637        42.1287
      -43.215       -10.7188              0        6012.11        500.905          35286        1.19828       0.100304        7.03921        15.9779
     -43.4377       -30.9305              0        20363.5        764.796         101363        4.06228       0.153212        20.2268        18.1314
     -45.3449       -34.9997              0       -10580.6       -62.4993        68554.8       -2.11634     -0.0099106        13.6791        24.6061
      -45.709       -20.4724              0       -6066.88        639.743        39924.5       -1.21123       0.128272        7.96483        18.1555
     -48.3758       -137.513              0       -2995.07        13.8905        19013.6      -0.597861     0.00310381        3.78967        49.4994
     -45.0493       -144.185              0        5348.07        -4.1606        26095.1        1.06619    -0.00179609        5.20507        70.6128
     -57.8659        62.5955              0       -63.0338       -19.2997          15893     -0.0126666    -0.00399046        3.16896        33.9898
     -52.1605        23.9632              0         150.76       -103.083       -19753.1      0.0296017     -0.0207683       -3.94369        33.2961
      -68.918       -51.2052              0         51.093        14.4136        2577.09      0.0103434     0.00294217        0.51484        46.7172
     -66.0801        -45.455              0        55.2362       -5.17624        5195.15      0.0113305   -0.000877422        1.03814        53.2675
     -49.5165      -0.421277              0        89.8384        65.1654       -542.027       0.017678       0.012888      -0.106513         30.716
     -43.4564       -58.3331              0        24960.3       -1126.45         121726        4.98166       -0.22418        24.2866        18.4787
     -45.1866       -62.1832              0       -10580.3        1060.93        78520.3       -2.11326       0.210647        15.6661          21.88
     -45.4671        -89.912              0       -7081.85       -44.7626       -53913.3        -1.4165     -0.0108559       -10.7506        24.0654
       -53.21       -112.324              0        1.05118       -144.342         -15825    0.000363929     -0.0287317       -3.15916        58.0513
     -54.5357       -124.522              0        97.6391       -53.6715       -11854.9      0.0194614     -0.0108674       -2.36587        71.2867
     -61.5701        -127.89              0        32.4483       -7.02265        5914.69     0.00656859    -0.00136284        1.17851        78.1081
     -56.8669       -188.126              0       -861.823        91.4462       -4097.92      -0.171959      0.0182831      -0.817898        266.939
     -66.8669       -186.206              0       -2.82203       -24.3769        -1283.4   -0.000701043    -0.00485152      -0.255874        158.573
     -59.2913       -79.0426              0        35.1223       -9.75436       -12923.6      0.0068005     -0.0019028       -2.57891        43.5079
     -50.6214        67.6947              0       -243.808        16.3828       -33297.7     -0.0470544     0.00269472       -6.64255        38.2874
     -53.4988        16.5421              0       -76.2555        1.14184         -12308     -0.0152156    0.000211903       -2.45472        31.7106
     -50.0229        13.6302              0       -116.902        2.23509        14898.8     -0.0235627    0.000649659        2.97094         23.083
     -58.1724       -15.6651              0        19.7418        2.80643       -6851.37     0.00413111    0.000415134       -1.36842        34.4659
     -50.3896       -20.2181              0       -36.4931       -146.171         -20290    -0.00746886     -0.0289375       -4.04996         23.795
     -58.8255       -88.9806              0         48.689        3.71359       -12113.8      0.0101116    0.000840717       -2.41586        40.2404
     -49.7795       -88.8928              0        166.621       -161.963       -30057.9      0.0305098     -0.0325637       -5.99794        30.3629
     -53.4976       -92.1567              0       -2.30731       -10.9937        20398.4   -0.000656162    -0.00205394        4.06775        42.7515
     -52.3224        78.7757              0        106.083       -192.691       -26247.4      0.0201561     -0.0368557       -5.23873         20.468
      -49.162        -81.304              0       -51.7671        78.8921        34313.2     -0.0124065      0.0163676        6.85115        21.1911
     -60.3278        67.9943              0        24.4994       -11.7393       -12100.6     0.00489965    -0.00226195       -2.41323        40.7764
     -48.7956        7.16321              0       -5.37739       -101.589        9214.89    -0.00100121     -0.0202643        1.83694        24.5245
      -51.407        3.14496              0        93.9245       -65.8007       -3413.08       0.018778     -0.0133944      -0.680099        23.9645
     -51.6896         10.069              0       -1.93008       -15.5014        9520.39   -0.000439319     -0.0032582        1.89902         25.746
     -62.2275        140.884              0        23.6054       -51.8121        4463.88      0.0046546     -0.0100366       0.891252        95.1859
     -68.2903        135.621              0        4.04506        8.39005        1665.98    0.000287732     0.00165323       0.334117         75.695
     -57.6856        38.2332              0        121.956       -115.277       -14876.5       0.024897      -0.022892       -2.96845        27.1904
     -51.7889        37.5238              0        383.462        53.7539       -26735.1      0.0768927      0.0103954       -5.33219        26.1947
     -48.8544        34.6976              0       -479.156        190.283       -36246.3     -0.0953831      0.0385129       -7.22937        30.7974
     -57.2431        72.6291              0        -124.77        76.2971       -16397.8     -0.0262004      0.0153336       -3.27179        36.7026
     -57.0323        29.9348              0        74.1958       -34.4678          13162      0.0151321    -0.00696342        2.62391        32.9807
      -49.663       -13.2167              0        318.765        5.76082        15359.9      0.0632715     0.00107922        3.06475        28.2046
     -65.0161        128.807              0       -1.17611       -38.9522        3542.88   -0.000281671    -0.00793656       0.708019        52.1334
     -51.8307       -38.4866              0       -6.61793       -69.1198       -25740.9   -0.000597974     -0.0147923        -5.1348        20.0106
     -49.8239       -41.9823              0        704.446       -46.2737        32192.4       0.140825    -0.00952686        6.42331        16.8343
     -60.6307       -46.5698              0        63.1995       -146.821        11452.6      0.0124596     -0.0298596        2.28672        50.9916
     -57.8566       -52.0054              0        62.1651       -95.3733        16142.3      0.0108704     -0.0189758        3.22224         29.375
     -52.4125       -51.6874              0       -152.813       -115.469        28739.6     -0.0314291     -0.0235392        5.72891        28.3798
     -57.4955        -61.277              0       -8.00911        -3.5171       -16489.9     -0.0018988   -0.000498092       -3.28864        54.6614
     -52.8876        62.8511              0       -32.0776        48.2016       -26591.4    -0.00661656     0.00971028       -5.30657        34.4972
     -49.7807        59.3713              0       -188.417       -55.6109       -36559.8     -0.0369293     -0.0107581       -7.29862        24.8668
     -56.1054       -73.1605              0        88.2582       -104.811       -18310.3      0.0177758     -0.0211384       -3.65358        43.9817
      -51.546       -72.8265              0        137.069       -114.209       -28014.6      0.0278166     -0.0228597       -5.59116        37.5652
     -49.1158        -77.162              0        184.594        -119.61       -35585.6      0.0373752     -0.0240052       -7.10479        23.7834
     -52.7951       -16.1146              0       -216.357        53.7317        12665.2     -0.0431288      0.0106111        2.52842        38.1767
     -55.3421        136.676              0      -0.980073       -1.64593       -9306.02   -0.000138809  -4.09568e-005       -1.85584        67.6405
     -53.2484        85.1163              0        49.6569        286.472       -21373.4     0.00978438      0.0571525       -4.26455        27.5032
     -57.6836        85.6581              0       -44.8393       -78.7455       -13918.5    -0.00903817     -0.0158145       -2.77654        21.9345
     -48.5572        51.1238              0       -755.364       -322.115       -42170.8      -0.149455     -0.0633806       -8.41423        33.3156
     -49.0612        46.5419              0       -181.544        193.942       -39386.2      -0.035946      0.0382412       -7.85739        25.2271
     -52.2256        43.2502              0       -94.4201       0.302628       -27121.7      -0.018675   -0.000347999       -5.40788        20.3009
     -56.3779        8.00778              0       -8.24683       -25.8695        4526.88    -0.00207921    -0.00507659       0.902756        25.1013
     -57.4117       -42.8945              0        6.06581         12.113        15851.1     0.00109597     0.00198679        3.16014        36.9277
     -52.4673       -44.8899              0        36.4555       -91.2468        26245.3     0.00724673     -0.0175252        5.23387        24.0101
     -50.2421       -48.2472              0        168.593       -32.0805        34647.5      0.0334363     -0.0056993        6.90639        22.1705
     -42.3188        43.7543              0       -28489.5       -484.049         145095       -5.68203      -0.095917         28.937        6.68297
     -45.8783        41.3799              0       -249.203       -110.797         -59737     -0.0492976      -0.021869       -11.9109        9.76108
      -45.266        43.7582              0       -20.4662        18.2504       -68196.2    -0.00411148     0.00370036        -13.605        6.63133
     -45.7628        46.2227              0       -191.102        215.294       -62846.5     -0.0374831       0.042788       -12.5356         9.8232
     -44.9802         72.311              0        9205.43        1308.25       -84919.7         1.8408       0.260593       -16.9235        16.1303
     -47.0461        68.2254              0        172.358        485.471       -49639.3      0.0369161      0.0985608       -9.88976        13.9435
     -44.3117        63.1153              0        3781.56       -3216.57          87315       0.753984        -0.6437         17.421        9.17992
     -45.4722        65.6016              0        20.8939        16.5751       -67588.8     0.00359265     0.00268055       -13.4889         10.639
      481.874       -267.666              0       -5.86189        261.226        1670.68    -0.00108925      0.0517149       0.332678        440.642
       29.368       -267.666              0        59.7039        1529.12       -4901.76      0.0118045       0.305014      -0.977246        439.629
      470.896       -277.666              0       -4.91736       -479.759        1308.64   -0.000880343     -0.0954868       0.260869        494.033
      74.8032       -277.666              0        98.6566       -1083.32        3483.78      0.0196031       -0.21654       0.692875        498.859
      393.711       -271.655              0       -51.8323       -593.985       -3780.69     -0.0103347      -0.118438      -0.754801        238.216
      421.182       -267.666              0        55.0413        1689.87       -4786.23       0.011058       0.337226      -0.954639        437.292
      439.366       -277.666              0       -45.1639       -526.299        -1276.7    -0.00900123      -0.104921      -0.254664        490.384
      320.018       -269.404              0        45.4462          -1199       -6330.36     0.00904766      -0.239374       -1.26326        228.215
      213.266       -262.226              0       -185.073        3324.88        13126.8     -0.0368739       0.663392         2.6177        115.298
      267.585       -282.309              0       -8.41312       -30.8344       -1774.08    -0.00176029    -0.00587681       -0.35429        118.331
      207.608       -282.226              0        13.8403       -5.36342        1660.96     0.00272102   -0.000991048       0.331574        275.514
      152.129       -261.893              0       -621.633         3355.3        14360.4      -0.124304       0.669558        2.86304        117.075
      90.7348       -267.666              0       -93.2231        2617.55        7673.14     -0.0185993       0.522191        1.52945        442.462
      11.0358       -277.666              0        108.296       -702.628        1907.42      0.0216455      -0.140062       0.381237         494.47
      309.199       -282.934              0        27.1429        53.6596       -1309.37     0.00535394      0.0107908      -0.261408         238.99
     -31.8008       -267.666              0       -51.5166        558.261       -1752.31     -0.0102326       0.111036      -0.349018        443.957
      110.092       -284.006              0        49.4496        50.5819        885.023     0.00993688      0.0101756       0.176563        182.877
     -20.7503       -277.666              0       -90.4475       -390.742       -1206.98     -0.0179635     -0.0778455      -0.240695        497.271
     -1.13717       -267.666              0        143.621        1080.85        3703.54      0.0285787       0.215575       0.739341        438.634
        261.4       -272.309              0        162.405       -731.445        5563.72      0.0325865      -0.145924         1.1087        202.326
      42.8498       -277.666              0        25.9141       -748.298       -2492.14     0.00530319      -0.149474       -0.49671        497.531
      60.0052       -267.666              0       -19.0465        2115.16        7567.83    -0.00380734       0.422337         1.5083        441.511
      142.179       -281.893              0        34.7405       -3.68126       -1457.45     0.00701195    -0.00067141      -0.291117        289.471
      123.754       -268.318              0        86.7848        -920.08       -7157.04      0.0170774      -0.182542       -1.42529        106.461
      295.476       -272.934              0        35.2647       -1265.39         5142.4     0.00693769      -0.252542        1.02594         294.97
      174.208       -282.141              0       -7.13834        17.8249       -1650.96    -0.00141088     0.00357464      -0.329929        278.739
      182.694       -266.887              0       -9.62748       -1262.26        8351.84    -0.00203269      -0.252199        1.66271        123.768
      229.569       -271.715              0        185.349       -699.851       -6424.24      0.0368699      -0.139793       -1.28079        204.591
       451.45       -267.666              0        140.484        1174.06        2510.12      0.0281343       0.234324       0.500755         434.41
       236.19       -281.715              0       -1.41564        51.5185       -1831.12   -0.000157392      0.0102541      -0.365305        177.615
      407.766       -277.666              0         18.082       -546.474       -2119.34     0.00358547      -0.109422      -0.422386        494.324
      378.919       -281.655              0       -46.3348        103.897        1584.99    -0.00926834      0.0207401        0.31586        300.107
      340.731       -284.136              0       -17.0059        42.5544       -892.783     -0.0032646     0.00863076      -0.178217        177.566
      359.951       -267.666              0        152.204        2325.26        9127.54      0.0307158       0.464105        1.81903        444.614
      252.933       -277.666              0       -9.56436       -1046.68        3065.59    -0.00193154      -0.209278       0.608954        209.473
       282.67       -272.309              0       -20.2064       -1086.71        6100.04    -0.00412826      -0.216959        1.21618        274.265
      218.874       -272.226              0       -168.928       -985.436        5439.48     -0.0336894      -0.196804        1.08491        276.681
       185.56       -276.887              0       -45.9185       -38.6281       -3434.64    -0.00934367    -0.00766549      -0.686691        141.235
      155.803       -271.893              0       -69.3064       -899.864       -5377.44     -0.0136805      -0.179692       -1.07392         257.57
      123.102       -278.318              0        11.8514        51.9189        2938.23     0.00238704      0.0103574       0.586581        107.931
      103.835       -274.006              0       -153.856        -1005.8        4466.18     -0.0306905      -0.200548       0.890519        285.282
       115.59       -264.006              0        24.0001         2587.1       -9771.64     0.00495553       0.514172       -1.94622         197.12
      132.943       -276.205              0       -53.6063      -0.996567        3332.54     -0.0106853  -4.54206e-006       0.665525         125.83
      130.387       -261.979              0        228.942        2645.25        11924.6      0.0454047       0.524916        2.37862        58.0338
      142.148       -261.893              0       -189.463        3298.73        13274.3     -0.0382786       0.659156        2.64953        72.7743
      136.586       -266.205              0        352.906       -1033.17        9245.21      0.0702567      -0.205497        1.84546        95.2819
      196.497       -276.973              0       -31.0513        77.3506        3420.55    -0.00614606       0.015407       0.682638         117.36
      189.794       -262.413              0       -57.6798        3187.09        13989.6      -0.011335       0.636339        2.78881        88.4424
      165.479       -272.141              0        315.234       -974.332       -5253.47      0.0629998      -0.194228       -1.04983        180.641
      173.824       -262.141              0        220.684        3367.94        14100.2      0.0438586       0.672355        2.80976        118.044
      203.275       -262.226              0        79.7585        3168.73        12533.6      0.0159449       0.632063        2.49945           89.7
      197.771       -266.973              0       -64.8054       -1315.75        8319.52     -0.0127464       -0.26263        1.65866        105.194
      239.579       -261.715              0       -1.56645        3905.12        15765.6   -0.000362778       0.778599         3.1431        182.146
        246.2       -271.715              0       -221.474       -626.632       -6023.43     -0.0441477      -0.125143       -1.20077        184.014
      278.832       -282.309              0       -11.9301       -59.3302        -1645.2    -0.00243788     -0.0119536      -0.327684        152.793
      270.146       -262.309              0        142.157        3436.85        14427.5      0.0283234       0.685888        2.87788        209.402
      323.704       -279.404              0        13.8615        6.80915        -2356.2     0.00278355     0.00125666      -0.469914        162.857
      303.013       -262.934              0         104.62        2629.18       -10776.3      0.0208891       0.524582       -2.15074        237.947
       332.18       -264.136              0        98.7267        2651.77        9511.75      0.0198378       0.529226        1.89694        291.008
      347.042       -274.136              0        48.7405       -1213.66        4322.91      0.0095447      -0.242356       0.861245        277.935
      387.631       -261.655              0        134.874        2433.04        7841.33      0.0269205       0.485706        1.56447        175.486
       372.84       -271.655              0        72.9739       -1141.28         5200.1      0.0149959      -0.228084        1.03629         225.39
