       x [um]         y [um]         z [um]     ExRe [V/m]     EyRe [V/m]     EzRe [V/m]     ExIm [V/m]     EyIm [V/m]     EzIm [V/m]    Area [um^2]  
---------------------------------------------------------------------------------------------------------------------------------------------------------
     -47.9036            325              0         77.626        661.561       -1932.45     0.00313829      0.0260628     -0.0761617        573.367
      454.383            325              0       -21.1438        954.527        2593.73   -0.000756822      0.0377796       0.102712        570.588
      478.363            335              0        142.152       -278.967        817.631     0.00563584     -0.0110431      0.0321727        652.876
      189.693        330.345              0        70.2493       -969.077       -4277.21     0.00284039     -0.0381364      -0.168769        287.687
      375.663            325              0        35.8779         962.47        -4648.5     0.00184136       0.038209      -0.183945        560.509
      313.624        340.641              0        6.59099       -13.5838        686.715    0.000176328   -0.000490122      0.0277257        199.074
      250.323        330.233              0       -243.157       -422.123       -4074.71    -0.00956422     -0.0168331      -0.164437        234.869
        105.6            325              0        42.9237        1586.45        4892.95     0.00192251      0.0633169       0.193523        334.243
      50.6778            335              0       -52.5134       -397.648        1624.04    -0.00214116     -0.0159049      0.0647494        647.022
      31.4408            325              0        54.5669         1369.2        3885.97     0.00221336      0.0546345       0.153185          567.8
      -31.966            335              0        71.6494       -142.335       -838.081      0.0026568    -0.00559096     -0.0336868        645.493
      137.486        340.496              0        3.99754        12.5615       -923.625    0.000169812   -0.000129952     -0.0326627        295.977
       179.66        340.345              0       -15.7537        85.7488       -1455.18   -0.000608461      0.0034496     -0.0574125        305.325
     -88.4128            325              0        18.0832        338.005        1108.02    0.000747209      0.0135431      0.0438075        588.924
     -73.7323            335              0        -44.256       -186.753        -752.02    -0.00163027    -0.00735243     -0.0296748        660.623
     -8.15845            325              0        58.6805         716.21        2208.84      0.0022733      0.0283161      0.0883054        569.673
      9.35973            335              0        7.00495       -301.251        1211.99    0.000467829     -0.0120333      0.0482222        644.493
      494.466            325              0       -36.1989        442.848        1184.38    -0.00143402      0.0175772      0.0469885        580.258
      71.0491            325              0       -43.9271        1746.65        5351.97    -0.00166867      0.0693551        0.21286        567.552
       92.179            335              0        4.14732        -530.91        1966.36   1.83831e-005     -0.0213303      0.0768803         652.98
       395.71            335              0       -29.7571       -413.569       -1672.82   -0.000797159     -0.0160165     -0.0667112        641.327
      147.485        330.496              0       -104.554       -853.665        3483.61     -0.0039397     -0.0335231        0.13694        218.436
      223.248        340.483              0       -39.5261        8.38354        886.123    -0.00150351    0.000140326      0.0343484        294.849
      236.973        330.483              0       -19.6142        -814.67        3476.21   -0.000723631     -0.0323578       0.137522        366.748
      329.468            325              0        30.4564        1492.78       -5076.52    0.000959162      0.0590779       -0.19853        242.751
      297.949        320.641              0       -63.4595        1601.21       -6688.02     -0.0022381      0.0630829       -0.26639        189.284
      282.101            335              0        -18.862       -786.802       -2309.04    -0.00109999     -0.0308073     -0.0926364        221.893
      350.937         338.94              0        7.95392        51.6157       -1254.65    0.000362563     0.00192463     -0.0495652         387.39
      414.855            325              0       -39.9039        958.273       -3790.54    -0.00168648       0.037981      -0.150025        561.801
       436.81            335              0        -115.59       -251.715         1240.5    -0.00448342    -0.00989946      0.0489608        646.396
      520.542            335              0       0.694195       -187.756        459.481   1.78004e-005    -0.00745336      0.0184231        664.947
      535.319            325              0       -16.1121         327.53        956.543   -0.000617865      0.0131411      0.0378817        593.158
      209.562        330.483              0       -28.3105       -941.226       -4127.56    -0.00131319     -0.0372168      -0.162023        253.483
      215.534        320.483              0        54.8473        2724.51       -9203.87     0.00202324       0.107543       -0.36334        127.172
      299.369        340.641              0       -6.87699      -0.864595        718.331   -0.000259714   8.35804e-006      0.0289111        80.5305
      260.559        340.233              0       -5.56716        72.3505       -917.992    0.000328237     0.00252429     -0.0371572        202.854
      118.307            325              0        92.6093        2232.57        5267.71     0.00389808      0.0888582        0.20867        237.593
      156.867            325              0        47.1244        1895.28        5503.46     0.00187472      0.0743143       0.218751        317.696
      199.018            325              0        70.2491         2664.5       -8269.06     0.00284038       0.105035       -0.32663        241.149
      228.441        320.483              0        196.861        2105.39       -7216.55     0.00762843      0.0839277      -0.284848        191.274
      292.878        330.641              0       -16.3832       -757.434       -3178.97   -0.000560983     -0.0298248      -0.127778        309.876
      338.073         328.94              0       -185.947       -547.193        4120.64    -0.00696825     -0.0214312        0.16214        168.221
      346.483         318.94              0         61.724        2125.21        7888.08     0.00247444      0.0838113       0.310982        125.342
      359.348         328.94              0        163.186       -307.234        3459.76      0.0061894     -0.0122951       0.136716        276.421
      319.719        330.641              0       -5.33473       -860.326       -3297.89   -0.000361802     -0.0344546      -0.126076        298.865
      310.535        320.641              0       -54.7274        1588.76       -6683.85    -0.00208997      0.0634664      -0.264455        130.222
      262.325        320.233              0       -43.6503        3044.02       -9227.32    -0.00172326       0.119602      -0.367633        300.983
      272.561        330.233              0        135.614       -457.111       -4037.74     0.00540048     -0.0186465      -0.159763        261.995
      177.573        320.345              0       -12.8309        1948.45        7467.06   -0.000453998      0.0773439       0.293625        182.274
       167.54        330.345              0       -66.2179        -758.02       -4006.85    -0.00263076     -0.0298524      -0.158789        221.609
      127.072        330.496              0       -4.97597       -749.229        3293.37   -0.000276528     -0.0295391       0.128837        260.473
      137.071        320.496              0       -54.0526        2215.13        6271.99    -0.00209522      0.0872212       0.248312        143.657
      571.809        113.784              0        12.8224        11.2256       -1793.45    0.000263688    0.000406626     -0.0715035        220.048
      565.209        128.917              0        7.60215         11.927       -4317.78    0.000271363    0.000389214      -0.172838        133.746
      572.248        90.7996              0       -19.9762       0.772929        2105.56   -0.000819187   1.55302e-005      0.0828375        200.925
        558.5            335              0       -16.0444       -26.2957        171.341   -0.000601662    -0.00110759     0.00625711            450
        558.5           -335              0        11.8054       -35.6334       -229.977    0.000491932     -0.0014008    -0.00916669            450
        568.5       -320.506              0          37.51       -7.43978       -261.501     0.00148784   -0.000316195     -0.0103363         652.25
      565.557        100.787              0       -67.4285        88.2042        4034.29    -0.00264162     0.00357891       0.158585        251.353
      573.221        136.805              0         87.021        29.7587        1266.49     0.00344354     0.00111642      0.0501162        182.404
       567.15        152.894              0       -8.52691        1.95995        2943.95   -0.000286031   6.57455e-005       0.117001        78.8312
        568.5        188.222              0       -646.248        68.5036        2216.77     -0.0255376     0.00276523       0.087399        400.748
        558.5        202.754              0        1622.93       -71.6532       -4833.77      0.0640074    -0.00261512      -0.192126        375.718
        568.5        245.962              0       -239.223       -75.9008       -877.112    -0.00962834    -0.00287714     -0.0345206         503.14
        558.5        262.087              0        795.964       -53.5289       -1510.81      0.0317795    -0.00202219     -0.0595772        487.794
        558.5        298.078              0        325.689       -72.4804       -885.055      0.0129916    -0.00279414     -0.0357111        556.952
        568.5        320.454              0        3.65089        13.4205        -230.42   8.08323e-005    0.000588276    -0.00937738        654.553
        568.5        280.758              0       -116.854        4.94377       -548.226    -0.00465751   7.04892e-005     -0.0219126        574.852
        558.5        230.525              0        1057.86        12.8312        2476.15      0.0417594    0.000523204      0.0977409        429.329
        568.5        215.359              0        -550.55       -82.5373        1540.71      -0.021769    -0.00331152      0.0604577        444.678
        558.5        177.947              0        1898.41        -23.036        5081.57      0.0749934    -0.00086615       0.201285        339.818
      572.936        160.425              0       -14.1358         13.295        1325.48   -0.000647414    0.000509141       0.052511        204.835
      557.841       -128.793              0        1442.26       -221.021       -8644.58       0.057594    -0.00899028      -0.345332        126.501
      568.709       -43.5368              0        -26.037        26.5854       -2281.33   -0.000916731     0.00123237     -0.0907482         146.39
      573.722        70.2365              0        28.7286         10.609        1550.15     0.00115092    0.000264511      0.0608769        150.072
      567.435        145.134              0        33.9312       -43.6615        2971.68     0.00138873    -0.00166148       0.118186        122.404
      555.557         98.105              0       -763.276        62.4021       -10497.9     -0.0300036     0.00188227      -0.418548        138.006
      568.797        19.3161              0       -21.9342        21.1723       -1113.18   -0.000813341    0.000890758     -0.0435763        123.469
        567.2       0.457621              0       -9.22914        25.2013        18.3449   -0.000456734     0.00130377    0.000399693        160.343
      556.246        45.6492              0       -1177.02        133.303        8366.27     -0.0465984     0.00580299       0.329029        77.7432
       567.47        78.6692              0       -8.41161       -6.87475        3621.66   -0.000442968   -0.000238391       0.142837        171.568
      566.811        35.6796              0       -24.1537        17.9295       -2574.25    -0.00105523    0.000758306      -0.103619        130.038
      556.811        32.6893              0       -755.861       -178.171        5687.37     -0.0298345    -0.00725194       0.223987        77.0129
      573.215        9.78611              0        13.5949        10.0621       -410.951     0.00049985    0.000422836     -0.0157114          165.1
      573.517        50.8011              0        34.2636       -9.66821        1366.49     0.00156107   -0.000301203       0.054572        154.595
      554.082        24.9728              0        1286.35        127.949        4847.63      0.0505378     0.00489239       0.190182        133.209
      568.739        59.6871              0        20.0437        8.31357        2974.01    0.000855973    0.000235785       0.117063        121.402
      558.709       -45.2403              0        1127.72       -200.027       -6530.24       0.044742    -0.00824364      -0.259756        150.788
      574.082        29.3441              0       -9.63801        2.68345       -712.458    -0.00060886   8.39836e-005      -0.027493        137.431
      558.797        17.9352              0       -520.397        14.5788        2826.46     -0.0202862    0.000437408       0.110107        127.773
      567.783       -26.1753              0        15.3169        30.6157        1787.57    0.000856599     0.00108504      0.0721924        105.655
      567.523       -82.0094              0       -120.994        4.75998        3588.62    -0.00489699    0.000284913       0.141135         135.68
      573.921       -32.7588              0       -30.0676        1.88777        757.951    -0.00112828   -0.000415237      0.0300028         142.31
      568.869       -63.5771              0       -18.7019        7.14387        2811.15   -0.000684454    0.000506648       0.110758         139.36
      574.081       -73.5646              0       -85.0161        44.4466       -1229.63    -0.00359865     0.00210235     -0.0489706        137.948
      557.141       -111.767              0        1058.89         219.17       -10506.6      0.0431731     0.00856919      -0.419947        101.963
      572.748       -137.805              0        2.89894        105.635       -1255.93    0.000103708     0.00412566     -0.0505409        195.741
      552.048       -104.269              0        -3930.2        62.1395       -17402.9      -0.156867     0.00230478      -0.694519        88.3314
      573.573       -158.768              0       -25.7839       -8.79973       -958.747    -0.00110355   -0.000279581     -0.0384969        182.379
      567.141       -109.179              0       -251.817        13.1639       -3806.29     -0.0100219    0.000638855      -0.151657        143.048
        558.5        -177.75              0       -1466.34       -45.3139       -4722.56      -0.058847    -0.00181043      -0.189068        336.428
        568.5       -188.528              0        680.198       -32.8113       -2204.14      0.0274578    -0.00116477      -0.087504        398.946
        558.5        -202.58              0       -1372.94        73.0139       -4282.16     -0.0547146     0.00292128      -0.171214        381.987
        568.5       -215.734              0        371.827        81.4461       -1338.26      0.0148108     0.00327488     -0.0531517        443.364
        558.5       -230.539              0       -855.909       -35.6206       -2497.27     -0.0340976    -0.00150343       -0.09923        432.793
        558.5       -262.119              0       -683.362       -56.9976       -1859.51     -0.0268189    -0.00205765     -0.0739815         490.61
        568.5       -246.265              0        215.742       -63.3571       -985.964      0.0086325    -0.00259869     -0.0395024         497.72
      550.487        122.575              0        3472.19        292.542        18573.2       0.137556       0.011455       0.737935        52.6211
        568.5       -280.922              0        139.795        19.6182       -536.187     0.00542816    0.000800196     -0.0211474        571.243
      551.229        39.3339              0        2455.04       -28.0595        11101.6      0.0976187   -0.000940496       0.438465        65.2149
        558.5       -298.111              0       -362.165       -72.0131        930.523     -0.0145636    -0.00288374      0.0363183        557.763
      553.221        138.427              0        3001.19         18.973        11932.5       0.118715    0.000464646       0.471707        131.458
      551.809        106.775              0        4024.72       -383.686        17254.5       0.160404     -0.0157283        0.68506        84.3119
      556.347       -15.5943              0        510.972        43.4252        3136.16      0.0200245     0.00175166       0.125519        85.9194
      572.484       -10.3038              0        1.81508        10.3411         387.14     -0.0001639    0.000509284      0.0158811        187.714
      553.722        69.9702              0        3748.34        105.403          12618       0.149462     0.00437897       0.503023        124.433
       557.47        77.6936              0       -1320.14       -211.503       -9508.64     -0.0524925    -0.00832826       -0.37921        124.748
      552.248        87.1421              0        3964.87        129.074       -16097.7       0.158501     0.00517724      -0.641943        91.6878
      555.209        130.473              0       -1254.09         277.14        9969.93     -0.0497212        0.01106       0.394921        55.5416
      551.942       -88.2742              0       -3169.38       -157.854        16256.6      -0.126657    -0.00601562       0.651017        84.4384
      552.363       -23.4376              0        -1858.1        76.9146       -6980.22     -0.0745625     0.00313047      -0.280373        91.4525
      566.347       -17.5607              0       -45.7605       -4.65305        1354.41    -0.00198994   -0.000159964      0.0554165        134.349
      558.739        60.3965              0       -1025.98        89.6048        7155.21     -0.0411865     0.00321727       0.283651          129.5
      553.517          53.83              0        3003.36        6.02805       -11360.2       0.119442    0.000424898        -0.4554        119.297
      553.215        8.69104              0        612.872        34.2244        2351.92       0.023955     0.00119852      0.0916365        111.948
      566.246        43.3298              0        11.0443          16.73       -3124.51    0.000425618     0.00076942      -0.125952        121.727
      553.288       -55.1549              0       -3400.92       -15.9289       -12827.7      -0.136228   -0.000653673      -0.512834        115.734
      557.523       -80.6253              0        1528.99        -101.07        9763.72      0.0609877    -0.00375623       0.391443        106.666
      571.942       -92.6026              0        11.8032       -24.1552       -2074.96    0.000685203   -0.000967429     -0.0819248         206.92
      553.593       -120.668              0       -3103.36       -264.119       -14092.1       -0.12378     -0.0103109      -0.563264        133.423
      552.484       -8.05163              0        -636.39        24.4025        2686.09     -0.0247798    0.000891641        0.10645        94.1967
        557.2       0.743423              0       -63.7873       -6.22146       -38.1194    -0.00231873   -0.000306006    -0.00171819        120.188
      567.841        -127.59              0        70.0893       -7.21001       -2804.61     0.00295555   -0.000382524       -0.11188         146.11
      573.288       -53.2991              0       -54.6682       -30.1854       -1268.71    -0.00214652    -0.00122114     -0.0510453        162.358
      553.921       -37.7572              0       -2270.76        59.2528       -8150.98     -0.0909287     0.00218865       -0.32518        129.641
      557.783       -29.4703              0        864.481        129.623       -4506.63      0.0347194     0.00531099      -0.180015        85.9132
       557.82       -146.244              0        1095.27        49.9691        7334.26      0.0435553     0.00150242       0.293409        113.092
      553.573       -156.613              0       -1885.48       -44.6177       -7578.63     -0.0755694    -0.00180696      -0.302927        149.658
      554.081       -72.3328              0       -2776.82        194.624       -12475.8      -0.111237      0.0071734       -0.49582        135.629
      558.869       -63.7294              0        1543.16        210.879       -8105.72      0.0622656     0.00865905      -0.321194        149.453
      573.593       -116.877              0       -82.1523         -32.04       -1333.94    -0.00342963    -0.00119324     -0.0532838        159.121
       555.49       -96.1779              0        1610.68       0.159999        12011.1      0.0646665   4.91265e-005       0.478398        78.8488
       565.49       -99.1222              0       -180.441        2.67533          -4476    -0.00718369    0.000127032      -0.177512        145.269
      552.748       -138.765              0        -2732.2        13.5913       -11853.4      -0.109245    0.000634237      -0.473356        116.897
       567.82       -146.487              0       -53.0425      -0.316851        2425.31    -0.00204594   -0.000100431      0.0976365        118.922
      563.573       -165.081              0        733.871        9.46392       -3811.76      0.0295103    0.000362014      -0.152015        277.324
       557.15         152.96              0       -985.553       -125.221        5714.18     -0.0391139    -0.00486589       0.228452        56.3424
      557.435          145.2              0       -801.468        91.8128        6576.28      -0.032129     0.00340805       0.261994        91.5501
      552.936        159.121              0        2076.04         -159.7        7161.15      0.0821603     -0.0062044       0.285265        134.675
      562.936        167.237              0        -930.08       -80.2046        4042.16     -0.0368034    -0.00318799        0.16087        169.494
      553.796        116.555              0       -1458.54        -33.732        14611.8     -0.0579101    -0.00178603       0.579096        62.5215
      563.796        120.883              0       -33.7839       -88.7077       -5260.82    -0.00155254    -0.00347711      -0.210908        154.602
       -121.5       -280.612              0       -113.508       -64.2277       -497.493    -0.00446067    -0.00256851     -0.0197924        572.875
       -111.5       -201.148              0        1468.01        62.2274        3487.97      0.0583959     0.00241951       0.138961        384.438
       -111.5            335              0        9.72665       -42.0726        228.228    0.000420855    -0.00168593     0.00906707            450
       -111.5       -229.341              0        1103.55       -66.4891        2816.39      0.0440657    -0.00265731       0.112664        437.131
       -111.5       -297.821              0         379.62       -101.255       -895.232      0.0152389    -0.00416544     -0.0355808        571.568
       -111.5           -335              0       -23.1058       -24.5504        230.239    -0.00106887    -0.00100525     0.00884179            450
     -126.358        -72.752              0        71.7537        5.16471       -1427.42      0.0028068   -0.000249922     -0.0566513         159.81
     -110.932       -41.3518              0       -668.692       -283.648       -6597.17     -0.0268043     -0.0112245      -0.262519        132.658
     -105.791        18.7253              0       -818.786        125.438       -5162.39     -0.0326165     0.00488287      -0.205404        104.386
     -120.932       -41.3064              0        85.3039        55.3322        -2490.7     0.00327813     0.00205358       -0.09845         148.65
     -105.762       -117.113              0        2800.91       -67.1386       -13794.8       0.112133    -0.00279948      -0.551606         114.67
      -111.49        56.6315              0        1137.56       -74.3666        7376.11      0.0456042     -0.0030238       0.294232        177.423
       -121.5       -187.391              0       -693.913        -32.368       -2025.76     -0.0278109    -0.00130586     -0.0803292        403.635
     -121.412        17.4775              0       -21.7117       -10.5452         1129.3    -0.00089582   -0.000482384        0.04504        137.971
     -121.107       -151.201              0        22.5793        73.4818        2958.36    0.000870943     0.00275364       0.115974        105.259
      -127.05        70.6061              0       -104.966        8.74924        1261.89    -0.00406874    0.000672733      0.0500936        139.849
     -110.142       -124.723              0       -1325.82        32.4279       -9058.51     -0.0528206      0.0011142      -0.360353        92.4568
      -107.05        65.9004              0       -3952.99       -271.821        12404.6      -0.155976     -0.0105482       0.492217        137.735
     -105.879        97.9304              0       -4113.76        487.286       -15811.7      -0.162729      0.0193494      -0.627105        114.793
      -105.88       -134.112              0        3167.47       -141.185        12958.8       0.126054    -0.00526796       0.516943        123.902
     -125.884        115.843              0        26.1601        13.1416        1705.87    0.000920563    0.000440864      0.0674341        183.983
     -110.263        107.741              0        646.345        308.596       -9185.82      0.0264898      0.0113481        -0.3649        145.943
     -111.766       -4.47947              0       -351.898        64.9361       -846.722     -0.0140397      0.0024623     -0.0335288        144.376
     -115.111        162.157              0        774.087       -24.3294        4157.36      0.0307584    -0.00106275        0.16472        305.015
     -125.111        156.463              0        50.3012        8.79381        1471.11     0.00208653    0.000296444       0.057563         237.46
     -121.766       -1.70293              0        23.8873       -39.3269        169.687     0.00115724    -0.00175596     0.00712735        142.817
       -111.5        200.919              0        -1351.9       -181.075       -3551.99     -0.0533298    -0.00729891      -0.140978        385.894
       -121.5        214.652              0         447.36         -99.44       -1835.38      0.0179308    -0.00403032     -0.0717177        447.243
     -111.412        13.3458              0        272.274        5.68243        2392.44      0.0110427    0.000289419      0.0963243        145.715
       -111.5        261.219              0       -841.667       -53.6761        1565.66     -0.0330378    -0.00212768      0.0620909         500.62
       -121.5        280.571              0        141.827         20.127        580.749     0.00559765    0.000862697      0.0230714        574.434
     -125.879        94.0685              0       -9.52948       -2.77285        1887.07   7.49153e-005   -0.000211525      0.0735505        179.403
     -125.791        28.3994              0       -6.63437        -9.7154       -948.289   -0.000252625   -0.000371871     -0.0384599        175.091
     -106.212       -32.7824              0        2417.79        148.131       -7934.82      0.0961994     0.00594721      -0.318546        115.513
     -127.116         -160.1              0       -16.4846        8.55296       -982.617   -0.000963165    0.000309425     -0.0378256        163.158
       -121.5        320.521              0        38.4603       -17.1416        255.508     0.00162772   -0.000711293     0.00969312        651.546
       -111.5        297.815              0       -283.049        -106.86        853.448     -0.0113667    -0.00417051      0.0336468         571.78
       -111.5        -175.93              0        1269.29       -60.5122       -4931.54      0.0506019    -0.00237818      -0.196359        346.746
       -121.5        245.508              0        226.397        48.7298       -1033.07     0.00890143     0.00192062     -0.0408575        502.796
       -111.5        229.177              0       -980.731        13.0122       -3019.97     -0.0389368    0.000408569       -0.11962        438.468
      -121.49        58.2505              0       -100.591        6.53972        2885.16    -0.00425531   2.60768e-005       0.115675        171.858
       -121.5        187.207              0        583.335        -13.371        1883.12      0.0230018    -0.00047898      0.0754064        401.885
       -111.5        175.711              0       -2137.06        46.1123       -5293.21     -0.0846655      0.0018519      -0.210487        346.592
      -126.22       -51.2515              0        112.595        57.3622       -1277.53     0.00450865     0.00220071     -0.0509648        163.008
     -104.991        81.8878              0       -4015.03       -327.847       -15363.1      -0.158813     -0.0130152      -0.613387         88.773
      -120.54        77.9958              0        5.26116       -20.9419       -3686.45    0.000137853   -0.000854555      -0.145485        137.442
     -106.617       -99.1066              0        3648.13       -296.253       -15936.9       0.144896     -0.0116228      -0.635567         132.62
     -127.121        9.05595              0        22.6016       -42.8659        142.415    0.000822796    -0.00184108      0.0056695        133.465
     -120.263        106.444              0       -46.4653       -69.5829       -3633.21    -0.00192519    -0.00269909      -0.144704        187.199
     -110.857       -23.1097              0        -550.27       -129.111       -3677.67     -0.0219176    -0.00525363      -0.147703        138.027
     -105.941        47.0331              0       -2924.82         162.57        11635.6      -0.116942     0.00609768       0.466086        108.122
     -107.121        2.14769              0        248.098        78.9128       -434.802     0.00906596     0.00307059     -0.0159912         137.02
     -126.212       -31.3135              0        52.9948       -27.5257       -870.577     0.00222575   -0.000846291     -0.0345691         162.45
       -121.5       -320.522              0       -22.6543       -3.64602        282.748   -0.000933332   -0.000162507      0.0109842        651.505
       -121.5        -245.64              0       -285.495        107.463        901.556     -0.0113909     0.00416396      0.0365466        501.764
     -106.145       -15.3571              0        1414.19        205.731       -3320.85       0.056562     0.00809418      -0.131746        113.595
       -121.5        -214.84              0       -534.595       -14.3444       -1552.73     -0.0213118   -0.000558367     -0.0614932        447.115
       -111.5       -261.297              0        534.376       -7.83717       -1610.97      0.0213852   -0.000275877       -0.06391        499.113
     -125.762       -115.203              0       -1.70046        2.11865        1799.35    -0.00010575   3.24339e-005      0.0724669        187.081
     -106.358        -68.627              0        3105.18       -86.1741        11272.5       0.123192    -0.00374101       0.447702        120.197
     -106.358       -79.7108              0        3191.16        161.089       -11681.2       0.126324     0.00625481      -0.466327        122.097
     -126.145        -11.157              0        7.21958        -28.168       -275.652    0.000252763    -0.00106401      -0.011647         163.56
      -106.22       -49.9383              0        3787.34       -182.095       -11930.1       0.151845    -0.00751315      -0.477451        115.893
     -111.078       -60.7933              0       -1455.94        266.723        8047.85     -0.0579991      0.0107739       0.320812        165.711
     -121.078       -62.1519              0         68.864       -6.51479       -3076.28     0.00261752   -0.000302166      -0.122623        181.466
     -120.857       -21.6861              0        17.2112        35.0756       -1316.12    0.000790702      0.0015165     -0.0531833        156.823
     -125.941        48.7911              0       -27.5162        29.0113       -1243.49    -0.00122515     0.00127361     -0.0499983        172.381
     -120.142       -124.402              0         178.17       -82.9527       -3535.53     0.00695569    -0.00338488      -0.141592        120.776
     -120.232        36.7335              0        26.9691        82.3531       -2462.46    0.000846958     0.00316831      -0.099338        168.256
     -110.232        36.5945              0        1077.85       -242.221          -6150      0.0429653    -0.00926023      -0.244629        132.477
     -105.791         29.534              0       -2268.48        185.949        8787.17     -0.0905914     0.00755647       0.350985         104.35
     -119.871       -141.998              0        50.5679       -95.4855        3585.32     0.00211528     -0.0036381       0.141411        140.074
      -125.88       -134.906              0        11.0117        49.6718       -1591.76    0.000748154     0.00186092     -0.0644399        195.301
     -126.617       -94.6992              0        71.5366       -27.6772        1398.57     0.00295754   -0.000941679       0.055671        153.576
     -121.475       -84.8433              0        49.3858       -5.01008        3073.89     0.00205341   -0.000249302       0.122058         182.96
      -110.54        74.9092              0        1744.35       -74.0514        9956.11      0.0689749    -0.00298286       0.393606        108.095
     -105.884        117.237              0       -3277.89       -400.669         -13139      -0.130907     -0.0156235      -0.522235        119.919
     -111.475       -87.6622              0       -1686.29       -205.896        8348.34     -0.0672092    -0.00800191       0.330466         182.64
      -110.88       -107.741              0       -1633.65       -103.689       -9079.03     -0.0650918    -0.00419298      -0.362673        131.295
      -120.88       -106.153              0        30.3938       -55.4355        3417.32     0.00126458    -0.00217336       0.136702        144.675
     -105.096        133.968              0       -2907.05       -107.708       -15021.7      -0.116521    -0.00498246      -0.600455        103.761
     -125.096         135.11              0        -18.834       -18.0364        1779.88   -0.000670703   -0.000479552      0.0718364        223.261
      -119.48        125.366              0       -74.7306        38.7262        3515.58    -0.00260286     0.00127259       0.140682        114.233
      -109.48        125.463              0        1088.67       -280.277       -10749.3      0.0434388      -0.011813      -0.427953        76.2175
     -118.707          142.7              0       -23.2672         -36.87       -3640.53   -0.000866699    -0.00163471      -0.145193        153.704
      -119.37        87.3828              0       -146.541         13.491       -4368.16    -0.00572321    0.000230104      -0.173308        135.368
      -109.37        89.9472              0        1495.43       -201.014       -12615.7      0.0599882    -0.00704046      -0.501347        80.3508
     -105.111        152.659              0        -1352.4       -118.821         8283.4     -0.0539062     -0.0047087       0.328713        112.643
     -108.707        141.461              0        927.915        149.323       -8677.86      0.0369127     0.00612869      -0.346901        86.8027
     -111.107       -156.979              0       -718.346        38.4791        5740.32     -0.0287839     0.00137156       0.227443        119.824
     -109.871       -140.883              0       -951.148        193.867        7536.04     -0.0378744     0.00735598       0.298973        93.1522
     -105.491       -152.431              0        1963.07       -168.739        8771.88      0.0786656    -0.00686959       0.348006        123.807
     -117.116       -165.879              0       -729.941       -1.32723       -3476.67     -0.0290004   -6.4012e-005      -0.138711        168.507
     -31.4522           -335              0        103.192       -271.421        882.431     0.00414503     -0.0107193       0.035029        651.266
      520.438           -335              0        1.92031       -144.592        374.133  -2.80131e-005    -0.00575473      0.0149125        667.438
      436.584           -335              0       -2.11581        -352.86        2074.33   3.36092e-005     -0.0141457      0.0819112        649.352
       535.27           -325              0        99.2384        301.441        -722.28     0.00393304      0.0120779     -0.0284435        595.345
      494.334           -325              0         22.737         480.54        1195.22    0.000883187      0.0188477      0.0474783        579.352
      51.6364           -335              0        56.1578       -494.277       -1806.04     0.00224623     -0.0197574     -0.0719055        647.517
      265.979       -339.481              0       -23.4916        46.5961        1393.65   -0.000889357     0.00173426      0.0548289        358.638
      329.722       -320.412              0        75.6321        2567.07        7178.52     0.00302054       0.101926       0.284299        121.369
      178.312       -340.071              0       -18.0355        45.2285        1116.14   -0.000928565     0.00208262      0.0428165        315.825
      111.292           -325              0        26.5119        1907.17        5379.73     0.00131449      0.0753979       0.213677         563.13
      306.227       -338.628              0       -6.55058       -14.5718        1378.16   -0.000244357   -0.000981073      0.0512864        317.106
     -7.43785           -325              0        40.7674        844.971        2691.39     0.00164827      0.0332283        0.10677         573.97
      255.601       -319.481              0        259.464        1967.71        7517.92      0.0102611      0.0781425       0.299838        120.161
     -88.3288           -325              0       -61.6748        189.242         708.06    -0.00266941     0.00751293      0.0276433        592.704
     -73.5569           -335              0        12.7034       -155.037        391.117    0.000541595    -0.00602006       0.015111        664.735
     -47.5255           -325              0       -34.4529        516.202        1349.21    -0.00125513      0.0204853      0.0533099        578.709
      197.182           -325              0        77.1837        2580.08       -5565.42     0.00265227        0.10299      -0.221007        235.828
      10.2022           -335              0       -63.9878       -488.081        1366.45    -0.00257091     -0.0192481      0.0537064        649.216
      32.3619           -325              0         2.9941        936.563       -3571.25   2.21096e-006      0.0371884      -0.140903        567.804
      454.228           -325              0       -52.7961        829.783        2715.26    -0.00209209      0.0329236       0.107842        573.491
      92.8958           -335              0       -16.0833       -462.206       -1906.61   -0.000615386     -0.0183397     -0.0756075        644.908
      71.9079           -325              0       -24.1098        1796.58        -3890.2   -0.000932921      0.0710237      -0.154206        564.249
       300.14       -328.628              0       -171.967       -817.701        4018.42    -0.00672702     -0.0321402       0.157243         202.99
      136.655       -340.543              0        34.4175        43.9085       -815.791     0.00132458     0.00166381     -0.0328269        285.377
      157.291           -325              0       -114.954        1899.15        6019.59    -0.00453311      0.0741796       0.236489        258.538
      216.217       -320.545              0         5.6941        2588.61       -7996.71    0.000352361       0.103295      -0.316598        129.951
      224.032       -340.545              0        52.4126         43.861        -848.76     0.00217771     0.00142856     -0.0330669         287.92
       337.54       -340.412              0        5.10213       -1.24958       -830.338     0.00027899   -0.000134777     -0.0312352        89.9347
      395.094           -335              0         -93.76       -338.526       -1734.41    -0.00337437     -0.0139724       -0.06743        648.649
      374.713           -325              0       -26.1021        1750.67       -4397.73    -0.00107164      0.0690809      -0.173843        568.569
      414.408           -325              0        181.104        1290.18        3827.05      0.0070838      0.0511547       0.152057        569.062
      478.245           -335              0       -85.0799       -277.165        790.338    -0.00333923     -0.0108828      0.0311001        651.905
      323.172           -335              0       -6.34211       -558.721        2176.22    -0.00029059     -0.0227027      0.0835533        151.388
      357.983           -335              0        90.3972       -604.156       -2177.62      0.0034744     -0.0239079     -0.0859184        452.738
      328.961       -330.412              0         -3.247       -515.712        3057.72     0.00038365     -0.0205393       0.121037        196.291
      289.904           -325              0       -24.6699        1830.45         5879.4    -0.00104206      0.0719935       0.232051         338.81
       250.59       -329.481              0        10.0201       -824.969        3934.58    0.000368985     -0.0324979       0.157503        355.184
       210.34       -330.545              0        66.3136       -900.423       -3925.51     0.00258234     -0.0358783      -0.153432        372.975
      187.981       -330.071              0       -193.449       -799.521       -4061.72    -0.00746333     -0.0320382      -0.161412         282.54
      147.475       -330.543              0       -161.048       -486.583       -3709.62    -0.00623662      -0.019094      -0.146032        268.225
       126.49       -330.543              0        -149.42       -745.655        3485.07    -0.00558069     -0.0292945       0.138227        222.188
       137.31       -320.543              0       -7.15324        2602.13       -7587.21   -0.000155554       0.101757      -0.299588          168.5
      166.408       -330.071              0         191.41       -756.398        4374.53     0.00729576     -0.0298559       0.172077        205.063
      176.077       -320.071              0        -17.642        2572.13        8466.73   -0.000837886       0.102173       0.335215        167.342
      228.961       -320.545              0       -76.6189        1760.88       -8884.54    -0.00270689        0.06969      -0.352533         188.04
      237.445       -330.545              0       -114.672       -685.076        4058.41    -0.00414421     -0.0273416       0.162442        240.876
      277.861       -329.481              0       -113.067       -639.904        4957.61    -0.00455184     -0.0250534       0.195207        254.658
      268.432       -319.481              0        31.0661        1980.62        9298.28     0.00132302       0.078287       0.368545        138.562
      316.428       -328.628              0       -76.4907       -582.549       -3735.54    -0.00284496     -0.0228875      -0.146671        127.494
      310.341       -318.628              0       -70.3814        2346.19        8179.63    -0.00271499      0.0923909        0.32193        85.3686
      342.396       -320.412              0        113.301        1251.43       -5276.74     0.00460686      0.0497488      -0.209701        187.302
      345.991       -330.412              0        14.3875       -651.288        -2908.7     0.00060972     -0.0256416      -0.114391        171.445
